Instance 种群数量 对S0优化迭代步数 交叉算符迭代步数 Optima Solution
DSJC125.1.col, 50，1000，0, 0, 14(ms), (5)3 3 0 0 4 1 3 4 3 2 4 1 3 1 3 0 0 3 3 2 0 1 0 4 4 2 4 1 0 2 1 1 4 3 2 1 2 2 0 4 4 0 1 1 2 0 4 2 0 3 1 4 0 4 2 4 0 1 4 3 2 3 3 3 3 0 0 4 2 0 3 3 0 2 4 3 0 4 4 0 4 3 0 2 0 0 4 3 0 4 2 1 1 1 4 1 3 2 1 4 4 3 0 4 2 2 4 2 0 1 1 3 4 4 2 1 4 3 0 0 2 3 2 0 4 
DSJC125.1.col, 50，1000，0, 0, 22(ms), (5)3 0 1 4 1 3 1 3 2 1 2 1 2 3 1 3 1 2 4 0 4 3 3 1 4 1 2 3 0 0 3 3 2 2 2 1 1 0 0 2 0 2 4 0 0 3 2 3 3 4 4 4 4 1 0 4 2 2 0 1 0 2 3 3 0 0 4 1 2 0 1 3 0 2 4 4 4 1 4 2 2 0 3 0 1 4 2 4 1 1 0 3 4 3 2 1 3 0 0 4 1 3 4 0 1 1 1 1 1 2 1 4 2 1 0 3 3 3 4 4 0 3 1 4 4 
DSJC125.1.col, 50，1000，0, 0, 20(ms), (5)3 0 3 0 1 3 1 1 4 2 4 3 4 3 0 1 3 4 0 2 2 4 3 3 0 3 4 1 0 3 1 1 3 4 4 3 3 4 0 4 0 4 2 0 2 1 4 1 1 2 2 2 2 2 3 1 4 4 0 3 0 4 1 1 0 2 0 3 4 0 0 2 0 4 1 0 2 3 1 4 4 0 1 0 3 2 4 2 3 3 0 3 4 2 4 3 1 2 2 2 3 1 2 2 3 3 3 3 2 4 3 0 1 3 0 1 1 3 2 1 0 1 0 0 0 
DSJC125.1.col, 50，1000，0, 0, 9(ms), (5)2 0 2 4 3 4 2 3 2 0 3 2 2 0 4 3 2 4 0 1 4 4 4 2 4 0 2 4 1 1 3 2 2 3 1 0 3 0 2 2 0 1 3 1 1 3 4 1 4 3 3 3 3 3 1 3 4 0 2 0 1 4 4 3 2 1 2 0 3 1 0 3 0 0 3 3 4 2 4 4 2 1 4 0 0 3 2 4 2 0 1 1 3 4 3 0 2 1 1 4 3 4 1 2 1 0 2 2 1 1 0 4 1 2 0 3 2 2 4 3 0 4 0 0 2 
DSJC250.1.col, 50，1000，404, 0, 3818(ms), (8)4 2 4 0 1 3 2 0 4 5 6 1 2 2 2 3 7 1 4 5 7 4 2 7 4 4 7 5 7 4 6 4 0 1 7 3 4 6 4 3 5 0 3 7 3 1 0 2 1 6 3 3 6 1 2 1 6 5 5 2 0 4 2 4 2 2 1 7 6 2 6 4 2 0 3 1 7 0 3 3 5 1 1 3 5 7 1 5 1 5 0 2 5 2 7 1 7 6 6 0 5 6 0 2 7 6 5 0 7 2 5 3 5 4 0 6 5 7 3 3 3 1 0 3 0 6 3 3 0 5 1 1 7 6 4 2 4 0 6 6 1 0 1 7 4 7 4 3 4 7 6 0 1 0 1 5 4 0 1 5 3 7 2 0 4 0 2 2 4 3 7 6 3 1 1 4 3 5 7 3 2 4 1 2 5 2 1 4 7 1 6 1 2 1 7 7 7 7 2 4 7 3 2 2 3 6 2 6 0 3 4 4 1 0 6 0 5 4 2 6 1 5 1 6 7 6 4 7 3 1 1 1 0 5 3 5 6 5 3 3 5 0 2 2 2 5 0 6 5 2 
DSJC250.1.col, 50，1000，205, 0, 2197(ms), (8)4 4 2 4 7 7 1 1 7 2 3 4 7 4 6 4 1 0 6 0 0 4 1 5 1 0 7 0 3 5 2 1 4 0 3 4 3 5 6 6 2 2 7 5 3 4 4 6 0 0 6 6 2 6 4 7 0 4 0 4 1 2 5 3 7 1 4 0 5 5 0 2 4 1 4 1 3 1 6 6 5 0 4 5 2 2 3 0 0 3 7 4 3 4 5 6 3 5 0 5 4 3 0 2 7 0 5 3 0 1 5 6 2 7 0 4 1 0 6 1 7 0 0 1 4 2 6 6 1 1 7 3 2 2 1 3 1 1 2 2 3 2 3 5 2 1 6 6 6 7 2 4 3 2 1 0 6 1 2 1 7 1 3 1 2 7 7 7 2 5 7 0 6 1 5 7 0 5 6 2 0 3 4 0 4 3 3 7 7 7 7 5 1 4 7 7 0 5 4 3 4 6 5 6 6 2 1 5 4 6 2 4 4 0 2 3 5 3 7 1 5 0 4 3 0 5 1 3 6 6 5 4 7 5 6 2 2 5 2 6 3 2 2 6 1 0 3 1 6 4 
DSJC250.1.col, 50，10000，5, 0, 437(ms), (8)3 2 7 2 6 0 2 2 3 0 3 0 3 2 6 0 6 4 0 3 6 3 1 3 7 3 6 2 7 2 4 5 7 4 5 2 5 1 7 0 5 3 1 3 1 0 2 2 1 2 0 4 7 0 2 1 6 5 0 2 4 1 2 5 2 2 0 6 3 2 1 6 3 4 2 4 0 3 7 0 6 0 6 3 5 0 5 6 2 1 5 2 5 2 7 0 7 7 3 4 0 4 4 4 6 6 5 2 6 2 1 1 1 4 4 0 1 6 0 0 7 6 6 5 1 6 0 6 1 4 0 7 7 4 4 5 4 4 3 4 1 1 3 6 5 7 7 3 5 3 0 3 0 4 0 1 7 5 7 5 3 2 2 4 2 1 2 5 7 3 7 4 1 6 6 7 0 3 6 7 6 3 0 2 3 7 4 7 4 0 5 5 5 0 4 1 6 4 2 5 6 0 2 2 7 6 2 7 0 3 0 5 0 1 1 4 1 1 7 6 6 0 7 3 6 3 6 1 5 7 6 5 1 5 0 7 3 4 5 2 5 5 3 4 5 0 5 2 6 5 
DSJC250.1.col, 50，10000，17, 0, 888(ms), (8)3 2 3 6 5 7 7 6 2 3 0 7 0 1 4 0 3 0 2 7 5 6 5 0 1 2 4 5 1 3 6 2 7 5 3 7 0 4 5 7 4 3 4 7 7 7 2 1 4 1 4 6 1 5 4 1 3 3 3 7 4 1 1 2 4 6 4 1 4 6 1 4 0 7 7 6 4 7 7 5 3 4 4 3 2 2 5 5 2 2 6 1 2 0 7 6 5 7 0 2 3 6 6 6 7 5 3 7 5 2 0 4 1 2 6 2 2 6 4 7 4 5 0 3 3 1 5 6 0 7 6 5 6 6 6 3 7 7 0 1 3 2 5 2 3 7 1 5 5 7 0 5 0 1 2 5 4 0 7 3 3 1 1 3 1 2 2 3 1 2 3 1 3 4 5 6 5 1 4 1 1 2 5 5 2 4 1 7 2 5 3 4 3 5 2 4 7 6 3 3 3 2 0 6 5 1 2 1 2 4 1 1 7 0 3 6 7 0 0 4 1 5 1 0 6 5 6 0 4 5 5 0 5 5 2 0 2 3 3 6 4 0 4 6 0 4 0 7 5 0 
DSJC250.1.col, 50, 10000, 1, 0, 344(ms), (8)3 2 6 1 7 7 0 3 7 6 7 1 1 2 7 2 7 1 5 3 1 3 7 4 3 5 6 6 4 5 7 3 1 5 4 3 7 7 5 0 7 7 0 7 7 4 3 0 1 4 3 0 4 5 7 0 0 6 2 3 3 6 5 6 2 2 6 6 4 1 5 6 0 7 3 4 6 3 7 7 7 4 0 6 5 6 4 5 0 7 1 2 6 1 5 1 6 3 7 4 5 4 0 4 6 5 1 2 0 4 3 2 2 5 3 1 5 2 7 2 1 6 7 0 1 7 5 7 0 2 2 4 6 6 0 1 5 0 2 1 2 7 0 6 4 4 2 0 4 7 1 3 4 2 3 0 0 3 4 3 1 6 6 5 6 7 1 2 6 3 7 6 2 4 0 6 2 3 4 7 6 6 1 1 4 2 6 3 7 4 5 6 5 1 5 1 5 4 1 4 1 0 2 3 0 3 2 2 2 7 6 5 3 2 3 2 3 6 0 4 5 4 3 2 2 4 5 7 1 6 6 1 1 5 0 0 4 5 7 0 0 0 2 2 5 2 1 3 5 1 
DSJC250.5.col, 50, 10000, 217, 0, 15893(ms), (28)26 20 27 10 27 25 19 17 10 11 5 26 4 2 2 9 6 20 9 17 25 1 9 10 3 12 24 1 22 16 12 24 24 21 5 8 26 24 15 14 7 5 14 4 12 8 21 8 17 1 20 9 0 2 18 16 14 1 11 16 4 17 7 3 27 22 3 15 8 9 13 20 11 1 4 18 5 4 27 0 23 2 2 8 21 2 5 19 9 12 8 18 15 20 22 5 0 8 7 0 15 11 25 23 0 7 25 1 23 18 26 24 0 13 19 6 10 19 27 6 5 26 17 13 19 9 16 0 21 15 21 20 12 25 25 9 4 13 3 21 17 0 15 7 11 24 12 12 2 15 4 13 5 16 6 18 26 23 22 19 8 17 26 8 1 0 8 9 22 11 3 10 25 5 12 10 2 3 3 21 18 22 6 24 21 6 23 6 10 22 7 25 12 7 21 2 23 7 13 11 14 20 23 14 25 6 27 14 13 0 15 11 15 1 10 19 16 18 23 2 1 10 14 13 26 6 14 27 20 10 3 15 0 3 22 6 3 18 1 20 5 16 11 7 14 0 16 7 17 21 
DSJC250.5.col, 50, 10000, 612, 0, 37481(ms), (28)12 18 24 18 25 26 3 13 17 12 4 23 22 21 2 19 1 15 24 2 5 24 9 21 3 11 23 20 19 8 18 19 9 7 2 27 1 11 1 18 10 5 9 22 2 27 22 22 25 20 26 23 0 12 22 26 9 20 6 8 7 2 14 3 9 21 6 7 6 23 27 11 14 2 19 17 3 17 20 0 6 25 4 22 6 12 25 2 24 3 22 4 4 3 8 1 0 18 7 0 1 25 23 24 0 10 5 7 6 2 6 8 0 21 20 1 12 25 13 14 18 18 2 27 13 19 5 0 5 23 16 25 11 3 16 15 7 10 7 4 25 0 23 24 12 8 15 13 1 23 27 13 15 8 2 22 16 13 26 3 16 13 9 9 20 0 6 4 7 14 15 16 5 15 21 11 2 10 17 4 17 26 6 5 14 14 7 14 1 21 11 21 8 4 4 23 13 27 8 12 3 6 4 17 22 5 26 26 24 0 1 11 21 20 26 19 8 15 13 17 20 11 10 25 16 12 26 16 19 18 5 1 0 1 19 10 16 10 24 5 27 3 12 3 7 0 8 15 27 19 
DSJC250.5.col, 50, 50000, 60, 0, 17026(ms), (28)16 9 21 9 7 15 17 22 1 18 9 25 5 24 24 19 4 11 7 7 7 3 19 12 23 18 25 14 10 24 22 17 27 14 26 25 2 1 8 8 6 15 2 16 19 16 4 16 12 3 10 22 0 24 19 13 8 17 12 3 23 19 6 23 21 4 1 8 17 14 18 26 10 14 17 20 13 15 26 0 15 21 24 16 3 24 12 5 26 12 4 13 2 15 10 2 0 1 6 0 5 18 18 2 0 4 27 3 3 3 2 26 0 24 20 6 24 19 21 21 22 27 26 25 5 17 20 0 9 8 17 9 12 9 15 14 3 21 23 21 7 0 8 15 18 4 14 12 24 8 1 5 13 25 4 16 13 1 10 14 16 7 26 20 22 0 5 22 3 18 23 11 15 12 10 13 24 23 23 21 1 10 12 26 1 4 3 4 2 10 6 25 9 6 25 24 11 6 27 18 7 11 13 20 27 19 11 7 5 0 8 18 8 1 5 17 26 12 2 25 3 11 20 25 14 11 22 13 17 9 23 8 0 23 13 27 23 19 2 15 16 1 18 6 20 0 11 11 6 17 
DSJC250.5.col, 50, 50000, 75, 0, 20504(ms), (28)9 12 27 18 10 17 19 5 17 4 18 15 21 6 0 20 27 9 3 0 10 4 8 24 21 6 6 5 10 8 24 19 17 11 0 14 7 17 23 26 27 22 24 16 0 14 7 17 25 10 4 21 1 11 16 23 8 9 13 13 11 0 3 9 17 3 2 11 19 2 14 12 20 0 19 2 15 11 19 1 27 3 25 20 21 3 2 0 21 13 20 2 2 9 8 21 1 10 11 1 7 22 6 9 1 25 8 24 24 0 24 12 1 25 18 23 8 16 7 13 22 5 0 11 16 23 26 1 8 23 19 4 25 16 6 22 6 13 11 20 3 1 2 3 4 8 27 10 25 15 14 21 9 12 0 18 15 25 4 15 20 3 19 14 9 1 14 13 11 6 25 7 26 25 10 15 0 22 2 13 2 5 6 22 20 26 11 13 18 4 18 24 8 18 14 16 15 16 5 6 5 12 15 26 17 22 5 26 3 1 12 6 24 17 21 19 12 7 7 20 13 22 26 14 23 15 27 27 19 18 21 23 1 27 17 5 2 25 9 4 4 12 14 17 26 1 8 7 16 18 
DSJC250.9.col, 50, 10000, 123, 0, 8495(ms), (72)5 14 58 1 61 5 42 59 7 23 26 27 20 35 23 57 6 24 20 64 54 41 8 45 37 33 56 68 25 15 52 11 48 9 28 17 55 22 5 1 13 24 6 28 12 23 41 30 57 6 1 69 40 36 15 9 33 4 54 62 40 53 49 18 25 39 0 10 43 69 62 10 31 35 64 20 53 56 57 59 46 63 2 29 39 71 36 27 44 17 56 10 31 35 37 33 18 58 3 63 44 59 26 24 3 66 13 37 50 50 34 18 28 65 29 46 60 3 0 43 38 37 66 8 54 10 55 32 67 23 58 66 38 46 49 69 47 11 15 25 11 43 12 29 50 61 13 1 32 71 16 61 67 29 67 19 6 16 44 45 21 20 27 7 41 0 68 8 4 25 19 55 4 56 24 61 65 45 27 30 34 16 2 21 31 16 2 49 0 52 51 70 14 68 48 46 52 71 38 30 70 26 53 32 51 19 8 14 48 19 7 22 15 65 43 47 30 68 9 60 34 18 17 39 60 2 62 26 65 34 5 51 36 28 7 9 22 47 70 40 64 42 12 60 17 3 0 42 14 51 
DSJC250.9.col, 50, 10000, 70, 0, 5584(ms), (72)20 17 29 0 21 20 28 33 63 10 25 1 52 38 10 51 26 65 42 29 63 47 3 46 54 9 7 36 64 29 13 35 11 18 19 2 70 51 20 17 39 71 26 13 59 10 3 53 24 56 0 70 71 66 69 18 9 15 50 63 43 23 31 14 32 42 32 60 11 60 22 6 33 21 17 21 55 58 34 39 57 61 5 68 41 16 54 1 67 2 44 4 52 38 28 9 24 58 30 44 59 49 25 8 30 19 41 36 28 6 31 14 19 14 68 41 23 30 6 11 0 47 43 22 50 11 64 37 45 10 62 4 64 15 50 47 16 35 62 32 35 71 53 68 3 65 34 17 37 55 27 36 58 68 67 54 26 27 66 46 61 21 7 70 34 49 38 45 58 32 12 65 56 63 30 71 49 46 1 4 31 27 5 56 45 27 5 31 0 52 48 6 67 54 44 57 12 69 51 22 36 25 23 37 48 60 7 15 33 12 24 69 22 39 9 60 66 42 18 7 8 14 2 24 13 5 61 25 40 8 20 48 59 19 53 18 13 16 37 43 57 40 3 28 2 55 0 40 62 48 
DSJC250.9.col, 50, 10000, 235, 0, 14717(ms), (72)17 19 0 59 65 15 55 49 29 41 14 44 28 8 23 61 22 47 28 34 27 39 2 48 38 11 62 25 32 59 43 49 27 13 6 4 42 70 18 19 58 16 60 6 22 23 39 15 40 22 59 42 16 56 33 13 11 10 53 20 57 52 31 5 32 45 1 24 0 18 64 24 7 47 19 28 30 62 52 71 10 20 30 37 3 23 64 0 38 4 62 24 7 53 43 11 23 8 21 30 69 50 14 12 21 63 3 36 57 67 31 5 6 5 37 3 26 21 1 67 54 36 17 2 69 24 34 9 9 51 8 55 54 10 51 33 15 51 33 32 56 16 50 37 61 47 60 19 9 46 35 51 40 37 38 12 53 65 44 63 46 28 48 42 39 1 29 2 43 32 12 49 43 62 21 16 57 53 67 64 31 61 45 63 7 35 52 50 1 60 66 68 40 35 30 44 10 69 54 64 25 14 25 41 66 12 2 41 33 36 29 70 20 58 11 65 56 71 13 61 31 5 59 45 17 63 18 14 70 44 26 66 22 6 29 13 27 0 68 68 34 58 50 26 4 46 1 55 18 66 
DSJC500.1.col, 50, 50000, 1536, 0, 411384(ms), (12)8 3 10 4 5 1 9 3 9 9 4 8 11 8 4 8 3 8 3 0 0 0 11 11 8 4 11 10 0 3 6 8 10 8 9 0 3 3 5 1 0 7 6 3 7 0 6 7 7 1 3 3 6 5 3 11 11 6 4 3 6 7 3 2 0 1 11 5 0 10 6 2 6 6 10 0 11 9 11 2 2 11 0 4 5 2 1 2 9 8 2 3 10 2 10 3 9 10 9 4 1 11 4 1 0 5 6 3 9 2 8 6 11 11 1 8 4 0 1 8 7 3 0 2 5 5 8 11 1 1 3 2 4 0 1 5 0 8 0 0 11 3 4 0 3 2 2 1 6 9 5 7 10 4 0 5 9 0 0 11 11 0 1 11 3 11 3 9 10 0 9 2 8 2 1 4 3 1 0 0 6 2 7 8 7 5 11 9 3 4 9 1 9 4 7 4 10 3 5 6 3 1 6 8 10 3 11 0 5 9 3 8 7 10 5 11 6 8 5 11 9 10 6 9 6 9 10 6 7 3 5 10 11 6 7 7 6 5 10 2 9 3 4 2 5 2 10 6 6 1 0 0 10 1 8 2 7 4 6 1 9 4 0 1 6 1 6 1 5 10 1 5 0 5 9 1 6 7 6 5 11 10 10 1 11 8 8 6 7 8 11 0 5 8 3 0 7 0 4 4 1 11 4 4 2 11 3 0 1 11 7 10 10 1 7 11 11 8 1 10 7 5 4 1 1 1 2 9 10 3 5 9 5 7 10 7 10 0 1 10 6 10 9 8 6 4 4 4 10 8 7 10 5 4 2 2 4 8 3 2 9 2 4 9 9 10 2 8 7 6 5 4 7 10 7 11 2 4 4 7 1 2 2 4 8 9 6 10 5 3 6 10 1 0 8 10 7 9 6 0 1 9 8 7 9 0 2 6 5 6 1 2 1 9 8 7 4 0 5 9 5 7 4 10 3 0 2 5 2 8 11 3 11 7 2 6 2 2 5 8 4 7 10 0 8 3 1 5 6 4 0 11 9 1 5 8 8 6 9 2 8 1 0 5 2 9 5 5 0 8 4 7 5 6 8 2 2 7 7 3 5 9 10 4 7 11 6 3 8 4 3 4 3 7 5 0 10 1 2 4 
DSJC500.1.col, 50, 50000, 1067, 0, 289429(ms), (12)6 11 8 10 0 5 8 0 0 4 1 1 2 1 11 8 3 11 9 8 3 1 6 10 11 5 8 0 9 4 10 11 1 2 11 6 2 5 0 4 6 1 10 9 0 3 9 0 10 1 1 11 10 4 2 6 6 0 4 0 9 7 11 10 6 9 1 11 1 1 3 6 8 9 4 6 11 0 3 6 8 5 5 4 3 5 7 5 6 1 6 1 3 10 3 4 7 8 1 7 0 11 4 0 3 11 10 7 9 2 4 7 7 5 2 11 9 8 8 6 3 10 10 8 3 11 10 2 8 0 4 10 10 9 4 9 5 0 4 2 2 1 7 8 3 2 4 0 9 1 7 7 3 9 6 0 11 3 5 0 0 2 0 2 7 7 1 3 0 2 5 3 11 8 4 0 8 8 4 3 6 3 5 1 8 3 5 0 8 0 8 10 0 7 4 7 2 9 8 1 7 0 0 11 1 5 0 2 11 7 7 11 1 5 4 2 8 7 9 5 7 10 1 7 5 11 3 8 7 7 4 8 2 0 9 9 1 8 6 10 0 9 7 3 2 9 6 5 5 10 1 5 1 0 0 6 2 2 10 8 3 10 5 8 10 8 5 3 4 2 0 11 11 4 2 5 1 9 8 0 10 11 2 10 5 8 1 0 2 6 10 3 4 10 7 0 10 5 8 7 5 0 3 1 3 0 6 3 11 5 1 3 10 0 10 0 11 3 0 1 11 2 7 6 10 8 4 2 2 0 10 6 11 3 10 1 1 3 10 5 3 4 3 7 6 11 0 3 10 5 10 4 10 4 9 3 9 5 2 3 7 7 11 2 7 4 8 9 0 3 6 0 7 5 5 5 10 5 11 1 8 4 10 8 6 2 6 10 11 9 8 0 10 6 9 1 1 6 1 4 7 11 5 4 10 2 9 11 9 10 8 6 5 2 7 10 9 4 4 11 5 10 1 8 9 2 1 11 5 1 0 8 4 10 6 7 7 5 2 7 1 2 3 3 4 0 9 6 7 1 2 10 3 5 6 11 9 1 10 6 10 8 5 11 8 7 4 7 9 9 4 4 4 9 2 8 6 2 5 3 11 2 3 11 4 10 7 11 8 6 7 8 9 10 4 4 1 3 6 9 
DSJC500.1.col, 50, 50000, 1632, 0, 432722(ms), (12)8 11 11 0 6 3 8 9 2 8 1 1 8 1 11 0 4 4 1 3 11 8 4 7 4 10 5 2 10 2 6 11 6 7 0 9 9 10 9 11 8 9 1 11 11 0 5 9 1 1 0 4 4 11 10 4 8 11 5 0 0 9 0 3 1 2 1 0 7 11 4 1 8 2 6 1 2 2 8 3 11 9 3 5 11 3 11 8 5 1 11 4 7 6 4 6 0 1 7 1 4 1 11 8 5 8 5 5 7 10 2 9 1 5 2 7 5 1 0 8 9 0 1 3 5 9 1 6 5 10 5 1 10 7 9 9 3 5 5 8 10 11 7 0 11 9 1 6 8 6 7 6 6 4 9 2 0 9 6 2 2 10 2 8 0 3 0 2 6 3 4 5 8 5 10 9 7 6 4 7 10 9 4 8 6 3 3 4 1 2 8 10 5 4 10 2 8 3 0 1 4 4 0 7 2 5 2 8 3 2 5 3 8 2 0 8 11 9 7 1 9 10 11 2 0 3 11 7 4 2 7 10 8 2 10 8 2 0 3 10 0 11 10 3 0 4 5 6 6 0 1 10 6 4 2 11 5 2 10 11 6 1 6 5 5 9 4 0 5 4 4 2 7 0 9 5 7 10 6 3 1 7 2 1 3 6 3 2 5 5 3 7 9 7 9 6 1 3 1 2 1 10 11 4 3 6 3 7 11 8 7 3 10 10 6 10 7 4 0 3 4 5 2 0 10 6 6 8 6 10 10 8 4 2 11 11 7 3 11 0 2 10 4 1 5 3 4 11 10 3 9 7 2 6 11 6 11 8 4 5 9 5 4 7 7 8 0 8 6 0 8 9 8 3 6 9 6 8 3 7 8 7 10 8 5 8 7 3 0 0 8 7 5 8 4 7 1 0 2 8 11 7 6 6 7 0 6 3 0 6 2 1 9 4 0 10 11 2 7 0 9 2 3 3 9 5 6 7 4 5 2 1 6 1 3 7 6 3 7 7 2 1 10 10 1 0 4 0 4 11 7 10 4 4 2 0 2 3 10 0 4 10 1 7 4 6 0 9 8 4 5 1 10 2 7 0 9 9 1 9 0 0 5 3 8 1 2 9 11 10 9 3 3 6 0 5 1 1 6 5 
DSJC500.5.col, 50, 1000, 2426, 0, 57604(ms), (49)25 43 10 35 14 28 2 23 11 9 14 6 12 26 10 29 6 26 14 7 9 40 37 19 4 18 28 3 47 0 39 8 3 23 25 17 36 30 23 12 19 46 9 7 12 24 6 5 13 36 36 7 42 35 29 4 9 47 31 38 46 16 0 17 31 27 23 12 4 38 27 1 15 45 31 3 3 34 31 7 38 32 30 4 14 33 30 12 41 39 3 0 18 26 9 20 1 36 31 15 36 45 5 26 28 15 13 31 29 16 24 34 13 0 29 8 16 47 40 16 5 16 35 23 22 46 26 21 3 24 3 39 29 24 34 29 17 17 27 46 1 37 15 19 48 30 34 19 15 20 31 7 43 19 45 37 37 25 8 14 21 22 28 21 9 35 2 30 4 39 18 29 37 7 2 9 32 25 8 47 13 22 3 33 11 12 11 34 10 3 24 12 32 5 0 10 17 1 43 3 25 8 4 14 44 11 23 41 27 22 5 5 2 8 11 14 8 7 6 2 39 13 18 24 9 12 33 42 39 10 48 48 13 10 45 22 0 24 11 5 44 5 22 22 46 26 33 6 5 14 42 22 48 35 4 48 44 2 26 25 18 18 18 9 15 30 27 45 0 0 16 44 4 30 9 32 0 19 42 33 10 20 17 33 19 21 41 2 25 40 34 0 16 11 20 29 39 44 13 1 46 47 24 1 35 41 2 41 5 15 19 43 9 7 26 5 7 47 10 46 23 33 13 45 20 12 1 1 16 27 6 2 1 38 1 42 0 24 18 19 36 18 47 31 44 8 3 41 36 28 6 17 4 44 1 27 12 39 40 11 4 18 26 8 13 47 48 48 42 42 8 8 44 10 21 28 3 22 21 40 10 23 39 14 20 40 13 45 2 40 26 25 2 6 19 17 20 21 18 28 1 27 7 38 10 38 8 36 27 41 34 13 34 15 17 37 35 11 16 47 0 5 31 15 27 43 23 7 23 32 29 9 22 23 0 31 40 21 14 28 21 28 35 40 21 41 30 36 14 1 32 42 37 46 6 16 11 33 28 9 10 34 48 30 20 11 17 7 11 41 6 20 37 29 6 2 17 13 38 25 38 46 38 12 2 35 20 21 19 15 48 22 37 4 30 39 16 45 20 4 
DSJC500.5.col, 50, 1000, 2970, 0, 72101(ms), (49)46 45 12 27 7 20 24 5 28 27 30 20 2 31 3 16 47 6 28 9 36 25 3 19 2 35 18 3 30 4 40 16 0 44 25 5 36 40 39 10 9 43 45 15 48 11 20 42 3 29 14 12 34 45 14 16 21 6 9 17 30 8 27 8 9 13 11 22 18 31 27 38 17 23 43 21 29 31 36 2 3 41 35 1 38 27 2 24 35 28 0 7 17 4 16 21 5 16 23 33 46 31 22 15 34 15 33 15 2 23 21 21 26 7 37 32 13 21 5 32 13 19 33 30 39 8 28 47 8 33 8 12 37 13 13 27 10 22 41 30 22 15 39 38 0 28 36 48 26 32 1 34 23 23 35 40 11 22 12 3 34 27 32 41 27 30 38 21 34 31 34 37 33 7 18 19 42 46 25 18 8 9 8 19 25 3 44 42 15 0 24 2 25 19 34 5 10 33 32 7 26 41 18 1 34 38 29 13 23 1 14 32 16 16 5 36 8 27 36 36 39 4 11 13 7 2 17 43 0 31 44 37 47 25 4 45 33 39 19 48 39 14 44 25 42 10 42 18 17 14 29 38 9 19 24 20 46 4 13 3 7 43 32 41 6 25 35 4 13 1 12 0 18 30 29 23 1 14 48 5 14 42 14 7 26 23 35 10 6 12 25 33 26 11 0 37 2 28 20 13 33 0 42 43 48 2 9 38 14 24 17 20 3 11 14 7 16 42 48 2 26 40 28 23 20 24 22 9 18 37 29 24 35 48 44 6 8 26 43 10 9 11 21 15 10 48 44 30 46 18 14 21 7 3 29 9 2 3 5 1 12 34 4 39 17 6 17 12 10 31 17 16 1 20 45 11 8 29 48 22 28 6 35 5 14 37 31 17 2 29 11 26 24 38 25 15 22 46 20 32 27 27 7 11 32 1 16 10 10 9 21 41 1 31 10 39 39 46 19 6 12 32 15 22 41 0 6 36 29 45 30 5 23 4 47 2 5 19 26 17 19 20 22 13 30 43 16 36 41 15 45 0 41 44 33 37 37 10 47 29 12 22 24 1 8 15 24 20 9 6 4 21 3 12 40 4 0 43 6 43 26 0 1 7 4 44 40 47 18 0 11 45 47 18 35 6 31 4 24 42 
DSJC500.5.col, 50, 10000, 3444, 0, 431487(ms), (48)24 0 22 6 35 20 1 33 11 45 24 31 35 26 43 16 10 32 32 30 44 2 39 37 5 43 43 41 33 21 7 38 39 29 22 9 45 46 13 8 10 18 7 11 14 47 47 22 26 25 31 19 20 3 22 47 25 24 21 13 36 9 25 9 17 38 20 36 47 30 16 4 12 40 15 26 29 18 13 27 44 9 13 35 45 43 15 27 24 7 13 30 28 3 27 3 4 2 11 8 8 35 18 28 20 17 25 17 25 28 7 7 46 21 10 41 35 14 19 41 2 18 39 38 36 9 13 19 9 6 12 7 14 27 34 23 23 5 19 42 4 37 6 20 13 18 7 12 12 21 39 0 27 2 10 37 33 15 11 9 3 23 12 10 44 9 1 18 14 7 20 0 26 20 1 44 21 21 22 19 12 15 40 43 8 25 39 37 6 6 16 2 11 37 6 11 22 4 37 33 42 5 33 2 23 39 29 27 2 35 3 11 1 25 15 7 0 23 8 1 27 12 32 34 33 9 30 31 14 36 34 24 39 11 27 28 6 16 37 14 14 3 28 3 14 21 28 0 46 45 44 10 13 36 46 5 40 1 34 26 20 34 35 36 47 2 20 42 19 45 6 25 28 17 19 11 3 31 9 45 17 44 22 31 32 10 29 1 22 6 16 2 40 41 36 15 7 10 11 4 14 24 6 4 44 18 1 8 0 16 38 12 41 32 40 38 16 31 11 23 29 5 40 20 15 16 4 4 0 24 29 1 36 30 4 24 33 12 19 10 42 47 46 41 10 30 13 17 5 47 16 5 34 15 4 38 17 7 38 2 5 36 0 3 46 24 0 3 8 30 25 26 35 38 47 46 32 29 26 6 17 5 7 45 20 17 30 42 1 0 46 32 1 30 10 14 13 27 32 29 4 23 35 16 27 44 33 2 5 29 8 12 47 0 8 18 39 33 31 5 37 42 4 6 5 8 8 23 26 9 23 19 34 15 21 33 3 10 8 42 37 21 9 2 22 29 15 31 18 4 21 43 14 25 39 18 2 40 18 44 11 19 12 15 45 37 41 47 32 24 42 3 41 17 32 1 38 34 30 22 16 34 38 8 1 36 21 22 43 13 26 13 14 27 43 0 25 43 28 31 
DSJC500.5.col, 50, 10000, 2319, 0, 293691(ms), (48)34 7 30 12 41 16 0 32 5 11 27 33 27 31 25 35 21 24 30 32 34 15 40 33 18 20 44 25 43 11 2 36 21 33 34 47 11 17 9 8 39 38 2 3 44 9 9 4 35 42 31 22 23 47 24 18 19 43 38 29 13 45 28 22 14 37 32 31 18 19 30 1 29 6 45 31 3 39 37 16 25 45 46 18 11 28 30 28 20 2 19 8 42 4 41 10 1 15 24 38 38 31 42 22 42 44 32 14 30 24 2 2 9 44 8 36 5 26 11 35 15 5 21 3 13 46 43 43 3 25 6 2 26 14 13 28 4 47 43 13 1 3 44 26 6 17 2 40 24 4 21 7 32 15 26 34 24 42 30 41 8 46 46 40 27 41 0 45 18 2 17 7 7 17 0 32 4 4 35 22 28 43 43 19 24 25 21 37 12 12 40 15 44 19 12 23 39 1 36 8 34 5 18 15 3 16 45 19 15 14 8 42 0 6 23 2 7 9 20 0 28 47 9 41 10 3 29 40 26 42 13 27 21 23 6 35 12 22 23 26 3 40 41 22 26 4 21 25 29 11 27 13 21 10 18 6 44 0 17 34 28 17 25 34 9 15 17 5 30 30 12 24 18 14 22 5 10 22 3 11 35 33 24 33 42 14 19 0 24 12 46 15 22 37 13 32 40 47 16 1 26 46 12 1 3 34 0 13 7 41 29 16 31 20 36 45 41 33 10 14 5 10 6 17 23 46 1 1 7 8 39 0 1 28 1 37 35 29 5 36 9 20 46 37 31 39 19 31 10 9 10 24 18 25 1 27 20 2 11 15 18 30 7 23 12 27 7 5 38 44 27 39 6 16 9 16 8 5 39 12 14 6 2 11 16 8 31 29 0 7 17 23 0 32 3 26 30 5 16 36 1 43 3 10 4 10 33 15 4 36 38 6 9 7 4 34 21 13 6 23 33 35 38 12 6 13 9 17 20 22 45 3 19 20 47 21 11 28 11 29 23 36 46 15 14 47 25 33 41 1 47 40 40 13 21 38 15 36 45 10 37 39 40 4 35 37 23 16 32 8 11 45 33 10 8 0 5 43 27 4 20 13 28 22 0 13 32 17 14 29 20 19 26 18 14 7 25 31 23 18 
DSJC500.5.col, 50, 10000, 2891, 0, 393880(ms), (48)31 8 29 42 9 35 2 18 42 44 18 23 5 27 28 27 28 31 24 37 45 1 32 40 11 29 19 17 32 44 4 42 47 38 45 6 45 16 37 16 13 3 4 6 42 23 21 28 3 8 30 7 12 5 47 31 25 31 41 47 14 20 15 7 13 36 22 29 19 8 30 38 5 26 32 38 12 40 15 28 11 36 39 5 18 29 24 33 22 4 27 43 43 7 33 34 6 1 15 10 16 24 32 7 12 45 23 14 28 26 4 4 0 30 11 28 32 13 8 29 1 3 32 12 17 45 43 29 18 16 20 38 22 39 16 21 19 15 17 14 33 12 42 40 37 3 4 39 6 10 37 25 6 1 23 39 19 21 34 33 16 0 9 11 9 14 2 3 16 4 35 8 32 8 2 19 10 3 33 7 46 0 39 19 20 15 32 40 44 47 11 1 32 19 16 11 41 8 40 5 31 34 3 1 12 14 46 20 1 36 31 8 2 21 6 4 33 35 8 2 19 35 37 8 9 12 13 15 17 43 27 36 0 6 45 46 44 7 41 45 27 11 43 7 32 28 29 25 43 18 22 14 42 34 30 36 8 2 10 13 35 3 18 17 31 1 41 9 29 24 38 25 11 38 7 15 34 7 12 18 45 36 30 35 43 33 21 2 31 21 9 1 7 20 29 24 4 15 0 22 28 47 43 24 5 28 2 24 25 22 13 43 9 20 23 14 9 5 34 11 0 34 17 21 16 21 33 6 25 17 21 2 12 0 22 11 39 26 13 40 35 20 0 38 19 41 46 25 34 28 0 44 40 31 22 19 5 4 18 1 15 26 25 27 6 46 27 14 30 22 5 33 36 47 46 35 29 10 38 42 46 32 4 44 19 17 5 41 2 3 16 39 2 23 12 4 30 14 35 10 13 41 20 34 17 6 14 1 16 3 44 9 9 38 10 21 37 14 15 24 40 41 6 30 36 47 31 0 22 7 21 46 26 3 10 9 18 33 18 35 5 44 43 1 14 15 13 23 24 0 46 11 32 15 28 10 1 30 10 12 41 36 11 37 42 40 6 20 37 25 44 35 10 34 36 2 47 17 29 13 0 47 8 7 2 38 30 3 13 47 26 27 10 45 9 25 25 5 0 30 
DSJC500.9.col, 50, 10000, 1087, 0, 173374(ms), (127)70 20 110 21 117 72 94 106 81 64 17 124 44 13 86 31 58 8 126 92 16 81 29 39 65 43 6 87 126 90 40 14 117 109 78 58 10 40 6 69 78 41 49 10 37 123 65 83 71 30 71 113 18 27 63 46 89 3 24 100 106 23 56 47 115 100 54 22 50 95 121 23 101 116 30 57 35 118 2 68 48 54 24 66 16 28 112 94 37 74 92 125 121 82 100 83 106 104 97 56 102 104 62 123 114 75 105 30 111 35 13 26 9 53 28 123 11 5 25 60 84 20 85 90 5 91 15 64 46 113 11 78 26 96 113 24 67 19 95 49 98 42 103 9 32 85 97 56 18 80 7 111 77 8 76 20 97 124 95 29 55 108 94 59 36 50 20 12 46 57 58 91 22 53 41 22 31 12 12 122 70 47 68 12 86 98 19 31 119 98 7 72 59 6 9 4 80 0 53 67 108 125 22 105 11 37 90 2 75 34 48 124 8 6 3 28 55 116 43 16 44 84 39 55 84 110 88 107 75 45 105 73 69 62 1 89 70 25 18 83 51 21 102 92 74 84 3 10 61 108 37 1 59 16 13 62 87 107 52 104 102 15 115 96 66 73 44 4 76 90 77 119 38 33 36 93 112 92 64 5 79 36 41 61 114 117 126 39 25 13 69 99 125 88 42 65 21 94 44 121 42 54 51 58 80 5 99 107 106 36 87 126 67 72 91 51 116 45 85 111 64 79 54 115 124 41 87 26 38 118 1 118 119 57 86 8 31 32 3 74 91 82 86 82 55 71 77 7 50 62 118 7 81 23 89 119 38 15 74 78 17 23 77 53 24 57 93 60 61 47 107 109 34 61 7 88 99 88 38 8 52 0 68 27 68 34 60 14 72 0 69 5 32 2 66 35 40 48 82 108 9 16 110 79 70 123 11 1 73 111 17 66 81 11 14 112 2 122 14 96 13 114 109 40 14 120 51 29 103 83 34 117 79 49 60 45 114 12 93 120 19 52 71 29 99 100 15 26 52 103 4 27 93 67 49 6 115 56 42 63 63 65 73 4 98 21 120 96 4 95 101 17 76 3 30 101 101 113 33 102 46 47 85 45 33 43 122 28 109 0 18 9 0 27 50 97 10 33 1 32 
DSJC500.9.col, 50, 10000, 1227, 0, 186454(ms), (127)23 35 122 97 90 76 69 108 27 89 23 71 41 11 70 91 112 12 57 124 8 89 63 21 47 86 50 98 78 37 80 27 68 49 34 111 54 15 71 94 34 88 47 115 100 24 59 45 99 46 99 61 81 119 117 28 86 9 107 25 113 40 63 67 108 30 33 71 106 46 102 40 18 38 46 87 91 66 68 115 27 92 44 14 8 56 82 56 94 105 124 40 21 106 66 36 108 57 52 58 42 31 59 24 123 125 51 7 22 114 11 13 6 32 36 44 0 4 105 62 20 44 116 42 4 119 19 113 26 61 0 34 13 103 61 43 16 28 46 80 101 20 110 108 83 116 53 33 101 7 5 32 103 12 63 125 87 65 120 39 82 63 18 117 104 53 25 10 51 49 48 81 6 32 88 45 112 10 10 22 35 67 31 10 70 60 28 66 51 92 5 76 65 117 115 1 109 3 32 75 30 74 109 90 0 96 37 53 64 79 26 47 12 25 9 29 60 59 45 8 95 90 111 105 122 55 84 72 105 87 27 100 22 97 2 77 60 107 42 86 73 24 110 23 126 91 9 118 80 83 96 2 15 8 11 74 98 72 1 31 18 19 86 109 14 100 41 106 104 37 77 126 17 94 122 121 92 112 85 4 54 119 88 93 48 90 64 123 41 11 94 38 43 74 20 22 121 113 41 121 20 55 73 35 95 4 25 72 16 102 98 93 81 76 81 73 1 59 116 97 56 104 23 26 87 88 98 13 17 16 2 58 124 110 70 12 23 95 9 126 119 44 70 113 122 99 50 5 96 101 29 5 83 40 26 120 17 19 84 34 111 40 50 84 21 75 69 62 83 67 72 82 79 43 5 84 39 84 17 12 1 3 114 123 78 79 62 47 76 3 80 4 18 53 7 21 15 66 31 89 51 8 36 114 30 57 0 2 100 37 65 56 96 0 7 57 52 95 109 103 11 118 49 15 124 106 73 55 78 36 79 52 65 42 62 14 48 10 69 39 28 1 99 39 38 85 19 13 54 93 16 118 69 121 43 118 115 101 24 58 48 75 55 68 92 97 77 102 91 120 85 125 35 9 7 71 38 61 89 82 33 67 116 68 30 45 93 29 49 3 14 6 3 58 64 107 29 52 2 54 
DSJC1000.1.col, 50, 1000, 2602, 0, 346569(ms), (21)4 20 12 4 6 20 7 0 9 2 19 9 11 4 5 4 7 12 14 1 10 7 11 6 10 8 10 9 1 4 4 11 3 12 15 10 19 0 13 4 16 20 0 16 3 13 11 17 9 9 3 19 2 17 18 0 12 13 3 0 14 5 15 13 12 10 15 5 14 8 12 10 0 10 18 16 7 14 10 15 13 2 5 6 10 7 0 13 12 18 18 0 15 2 19 3 13 10 1 0 2 5 15 17 16 17 2 12 20 9 13 16 0 15 16 12 1 12 15 9 8 19 6 11 11 14 16 6 11 17 12 16 14 5 0 1 11 5 6 13 19 3 16 15 11 2 19 15 16 8 4 2 6 7 13 18 14 19 12 13 12 5 6 11 2 14 0 3 17 0 10 14 16 20 11 16 16 2 5 8 1 5 16 0 4 18 11 4 17 13 3 14 3 5 12 9 0 6 20 8 14 2 5 1 20 10 18 6 7 9 18 4 4 3 18 17 6 13 5 9 13 7 5 17 17 3 4 20 10 7 11 7 8 3 16 19 5 4 9 4 14 0 3 20 17 10 14 7 9 18 6 20 2 17 18 20 19 8 6 11 13 15 1 3 10 7 13 16 19 1 18 8 12 4 17 2 12 5 1 17 4 7 7 5 3 3 12 11 8 14 13 15 19 7 18 2 9 10 3 16 7 15 20 14 19 13 4 0 7 3 8 13 6 5 15 4 3 10 16 2 14 15 6 1 14 6 4 4 0 14 9 3 20 12 18 7 11 0 0 20 1 14 9 10 2 8 14 1 9 18 15 17 16 9 1 9 12 13 1 6 10 2 0 19 10 4 2 14 18 20 19 1 5 2 0 20 15 8 12 7 17 19 17 0 20 11 10 5 6 3 5 19 12 8 16 9 3 14 11 5 18 9 2 20 10 10 6 4 10 13 1 0 1 11 8 3 3 3 9 9 2 12 1 3 15 18 3 4 3 6 19 4 15 19 5 15 16 16 7 20 12 20 1 8 0 4 0 7 5 14 8 19 1 1 15 5 15 5 15 2 18 7 16 19 5 5 7 6 19 5 19 1 4 7 5 15 2 20 7 19 11 15 16 9 6 5 16 8 15 3 9 9 18 1 15 18 15 4 5 7 7 0 8 2 8 1 0 6 0 17 12 2 15 12 17 12 3 2 11 8 4 4 11 7 8 13 13 7 5 2 18 8 9 13 10 18 7 2 9 11 2 3 17 13 9 6 16 15 7 1 5 12 9 12 7 6 16 15 2 5 7 12 18 13 2 16 0 14 3 16 7 17 13 14 4 1 20 20 11 20 1 8 15 3 1 9 14 9 0 0 8 19 5 17 9 2 15 12 11 4 18 17 3 20 11 4 13 6 17 15 5 6 7 6 2 13 16 11 18 12 0 17 11 10 7 13 7 4 16 3 6 19 14 19 3 0 3 13 4 2 18 5 8 11 18 9 8 11 5 1 12 11 15 0 4 16 12 6 2 5 10 11 2 18 11 14 15 6 19 13 10 8 12 6 10 20 20 1 8 17 9 4 1 1 3 3 20 15 19 4 13 8 14 9 7 1 11 19 0 4 3 18 0 13 7 8 8 13 2 6 17 10 10 0 12 18 3 9 11 13 16 17 13 11 1 18 0 8 15 1 0 15 0 0 9 0 11 6 18 1 10 9 16 6 1 19 9 14 5 11 3 9 2 19 6 16 0 16 10 19 10 13 13 7 14 17 20 14 4 4 1 12 1 10 5 16 10 18 14 11 1 0 1 4 13 17 7 2 7 2 16 0 19 6 9 7 15 3 12 20 16 7 5 5 2 6 20 1 10 6 0 6 18 8 8 3 7 8 8 8 2 10 1 15 12 2 18 14 20 1 2 0 2 20 14 9 14 8 0 14 20 7 1 3 11 17 16 14 6 7 7 11 5 6 16 0 12 7 4 2 13 5 19 9 16 0 10 20 7 13 12 16 11 16 10 17 20 15 14 3 0 15 4 18 10 1 19 5 1 0 1 2 10 4 19 1 5 18 17 3 8 5 15 2 20 11 6 20 20 1 0 0 11 18 8 8 8 2 13 14 18 4 14 5 12 6 10 14 5 11 18 9 6 8 13 13 3 3 11 17 9 4 3 3 1 16 5 15 14 12 4 8 7 3 15 6 14 1 13 15 12 4 17 2 10 12 19 7 4 1 11 12 17 20 8 2 13 0 17 9 2 17 3 10 8 2 6 1 0 8 17 4 9 6 16 6 6 7 2 14 

一下为对500.5算例的测试
种群数量 耗时
50   457798(ms) 
50   235355(ms) 
50   293320(ms) 
50   349714(ms) 
50   866368(ms) 
50   744123(ms) 
50   741499(ms) 
50   431165(ms) 
50   391026(ms) 
50   749822(ms) 
50   1052161(ms) 
50   4718916(ms) 
50   461107(ms) 
50   676010(ms) 
50   543299(ms) 
