Instance iterCount Optima Solution
DSJC125.1.col, 4382, 0£¬6(ms), (5)3 2 3 2 4 3 0 3 0 1 1 4 2 3 4 2 3 2 0 0 4 0 4 3 4 3 4 2 2 0 3 4 3 3 0 1 3 1 2 4 4 2 1 2 1 0 3 4 2 1 1 1 4 1 3 4 2 0 4 1 4 0 4 4 2 1 2 3 1 1 3 0 2 0 4 2 2 3 4 0 3 2 4 1 1 1 4 4 2 3 2 3 0 4 0 3 4 1 0 2 3 4 0 3 1 3 3 3 2 0 3 2 1 3 1 0 4 3 1 1 2 0 1 2 4 
DSJC125.1.col, 3293, 0£¬4(ms), (5)3 1 0 3 4 0 1 1 4 0 2 0 3 0 0 1 3 4 0 4 4 4 0 0 1 2 3 1 4 2 4 3 1 1 2 0 2 2 0 4 3 3 0 2 2 4 3 1 1 1 4 2 0 3 2 3 4 4 0 2 1 4 3 1 3 3 1 3 2 2 1 1 3 2 1 1 3 3 4 4 3 1 0 2 0 2 4 4 0 3 2 1 4 4 0 0 1 4 4 3 0 1 4 3 2 0 0 2 3 4 3 2 4 3 2 4 3 1 0 1 3 1 2 0 3 
DSJC125.1.col, 3268, 0, 4(ms), (5)1 2 2 3 3 4 2 0 2 1 0 2 2 3 3 3 1 4 4 0 4 4 3 3 3 2 3 3 2 0 4 3 3 0 0 2 3 0 3 0 1 1 4 4 0 4 3 2 1 2 4 4 2 1 0 3 1 3 2 0 0 4 1 4 1 1 2 3 0 1 2 4 0 0 2 2 1 2 4 0 2 1 3 0 2 0 0 4 2 0 1 2 4 4 3 4 2 0 4 4 4 3 4 4 1 2 2 2 3 4 1 4 0 2 1 4 3 0 1 2 1 3 0 2 3 
DSJC250.1.col, 16750, 0, 31(ms), (8)5 0 5 2 4 4 1 1 7 7 7 2 6 3 7 0 3 2 5 0 4 1 6 1 0 4 7 5 3 7 7 5 4 3 3 2 6 7 5 0 7 1 6 5 0 2 4 1 2 1 4 6 0 0 6 2 7 0 3 2 1 7 6 5 0 3 2 2 7 1 4 0 1 7 0 2 7 1 4 6 7 2 2 7 3 3 5 1 2 3 4 0 7 1 6 2 3 4 7 1 5 7 0 6 4 4 5 0 5 1 2 6 6 1 2 1 3 6 2 0 0 3 4 5 0 4 3 4 2 0 1 3 4 2 5 5 6 1 0 1 3 1 2 4 1 3 5 6 3 4 0 1 2 0 2 3 7 1 0 1 4 4 6 1 0 4 7 6 6 1 4 0 0 2 6 6 0 3 4 7 5 5 2 0 7 5 5 5 4 3 7 7 7 5 6 4 4 1 6 2 5 0 3 5 4 7 1 7 1 7 7 7 2 0 7 1 0 5 6 7 2 3 2 3 4 5 2 7 5 5 2 6 3 6 5 3 7 1 0 1 6 7 6 1 6 6 1 0 3 2 
DSJC250.1.col, 59193, 0, 95(ms), (8)7 0 4 1 6 3 6 6 7 1 4 3 1 5 7 5 5 2 7 7 6 2 0 2 1 0 4 5 6 5 6 5 1 0 2 6 2 0 2 4 7 3 5 4 5 2 5 1 7 2 1 3 2 1 0 1 7 2 3 4 7 1 0 4 3 5 2 3 2 4 0 5 6 4 4 7 7 6 5 1 3 7 6 5 3 5 2 0 0 4 2 1 0 5 0 7 4 6 3 2 4 7 3 2 4 2 2 3 5 0 4 0 5 1 7 2 2 2 3 5 7 6 0 4 4 0 5 1 3 4 0 6 6 4 4 4 0 4 1 1 4 3 4 3 2 6 7 7 7 4 2 6 1 3 4 3 7 6 6 5 3 5 1 1 3 1 1 1 5 5 6 6 3 6 3 7 5 0 7 6 6 7 1 0 7 7 6 6 7 6 5 4 4 4 3 1 5 3 5 2 2 4 4 4 6 5 3 0 3 7 3 2 5 1 7 6 4 5 0 6 0 2 0 4 0 7 1 1 7 7 0 1 0 5 0 0 1 3 0 5 3 4 7 7 0 7 1 5 6 1 
DSJC250.1.col, 6189, 0, 16(ms), (8)6 6 5 2 4 0 7 3 2 0 6 3 3 4 0 5 4 3 3 3 3 2 3 1 5 6 4 4 7 1 3 2 5 4 1 5 1 7 6 0 0 1 2 4 1 1 1 3 6 1 3 3 2 3 6 7 7 1 0 6 0 2 4 2 3 0 6 7 6 5 7 2 7 2 6 5 3 5 2 4 4 3 6 2 1 2 3 4 5 7 6 5 2 1 6 3 7 5 0 4 4 7 0 2 7 3 1 5 1 5 5 2 5 0 0 3 4 7 5 6 5 7 1 0 0 6 3 7 5 0 0 7 2 7 5 7 1 6 0 0 6 2 6 4 1 6 0 0 3 6 3 6 5 0 6 3 2 0 6 1 3 4 7 1 0 5 2 5 2 4 7 7 4 7 5 3 0 1 7 2 4 7 3 1 6 6 7 2 1 4 1 4 1 4 4 1 7 4 6 7 1 2 0 2 7 2 0 5 6 7 2 2 0 0 2 1 0 1 5 5 4 7 2 7 5 6 5 5 4 4 5 5 4 4 4 0 2 7 2 2 7 2 4 6 3 3 1 1 3 0 
DSJC250.5.col, 2872057, 0, 8246(ms), (28)12 21 6 27 9 9 15 0 0 13 13 19 2 19 17 1 4 14 24 17 9 5 16 27 12 27 6 7 24 7 27 1 25 3 17 12 4 16 4 16 10 13 18 2 17 12 2 23 15 15 5 15 8 12 27 9 25 27 20 7 3 17 10 11 23 24 16 3 20 18 25 6 5 17 1 22 11 3 6 8 23 24 15 2 5 12 20 17 0 11 27 22 18 11 25 4 8 26 3 8 4 5 19 11 8 10 24 18 23 17 16 14 8 24 6 4 12 15 0 18 20 7 17 3 0 1 9 8 27 16 14 5 6 14 14 26 3 25 3 25 15 8 10 10 19 25 6 0 4 13 15 0 14 21 17 22 26 0 13 11 2 15 26 22 13 8 6 18 3 7 27 5 9 20 25 11 17 23 14 24 14 26 25 26 2 23 3 18 4 5 10 19 21 10 11 7 23 10 25 19 7 21 11 1 19 19 20 9 2 16 4 21 27 23 2 1 21 24 0 19 23 26 16 24 18 20 22 6 1 20 9 4 8 4 1 18 10 16 22 13 13 21 12 11 22 8 21 20 15 1 
DSJC250.5.col, 21015, 0, 86(ms), (29)5 3 23 8 22 22 28 7 5 13 20 10 0 18 22 24 14 22 21 22 12 9 24 18 10 13 27 20 21 19 23 9 25 9 24 27 14 20 0 16 4 2 12 15 26 10 0 15 25 19 10 27 1 16 2 8 18 28 17 8 9 4 21 6 24 21 1 1 17 27 13 3 19 3 24 19 24 3 28 2 16 21 25 8 26 21 16 11 7 9 10 27 0 24 17 14 8 1 19 21 26 13 13 6 9 17 20 5 7 4 4 14 2 12 28 10 26 11 7 8 21 2 3 17 7 14 8 23 28 0 9 3 23 12 0 1 9 2 12 19 21 14 27 0 13 20 23 7 14 27 11 26 14 8 22 4 1 16 3 25 25 21 10 19 6 1 27 5 16 13 19 26 12 17 17 24 11 18 9 20 2 15 18 3 20 14 9 0 18 25 4 12 23 16 6 25 7 11 11 13 25 17 20 5 12 6 17 23 6 15 0 13 18 5 26 28 10 26 7 6 16 26 20 6 1 17 23 18 28 16 22 2 22 23 5 14 6 4 10 3 15 5 13 23 9 7 14 11 15 28 
DSJC250.5.col, 1479231, 0, 4258(ms), (28)22 9 7 5 22 23 13 10 23 19 6 17 11 27 0 25 20 12 11 0 10 1 8 3 17 14 27 1 22 26 3 3 7 15 0 21 3 23 20 5 24 8 8 15 0 12 2 23 13 1 4 1 18 5 5 20 27 1 21 1 5 0 24 13 23 8 12 27 17 17 26 7 4 0 22 26 2 15 5 18 21 25 26 15 1 19 21 0 7 13 3 6 9 12 26 20 18 23 24 18 2 4 8 9 18 24 22 9 1 0 2 7 18 11 25 20 19 25 2 10 21 10 0 11 25 20 16 18 5 27 2 9 3 13 8 12 1 11 12 26 10 18 14 24 4 6 14 15 20 27 5 11 2 26 0 15 14 25 4 13 13 10 7 21 6 18 21 6 21 10 12 16 8 3 19 13 0 27 14 6 23 14 27 7 6 16 25 9 15 4 24 8 14 24 26 19 25 24 26 19 13 22 6 16 4 12 21 16 11 18 20 10 27 23 14 25 7 16 2 17 1 14 16 11 17 19 9 2 22 21 19 20 18 20 23 10 14 22 12 5 4 13 5 23 16 18 16 24 12 16 
DSJC250.9.col, 69787, 0, 239(ms), (72)60 46 18 0 44 60 18 61 4 14 7 67 64 29 14 47 59 37 64 9 4 12 26 21 63 55 69 30 65 34 58 61 2 56 25 8 68 13 60 54 7 37 39 25 59 14 12 6 27 59 0 68 54 52 34 42 20 31 32 4 54 50 16 10 65 53 62 1 2 44 41 45 51 42 9 64 50 69 43 1 27 57 17 36 1 71 16 67 63 8 35 49 51 32 18 55 10 29 28 17 62 38 57 37 28 23 15 30 39 45 48 10 25 41 36 15 33 28 45 2 0 69 19 26 62 2 66 3 70 14 29 49 33 58 41 31 6 22 34 65 52 55 38 36 47 42 43 9 3 71 35 30 70 36 70 5 32 54 12 23 71 64 67 68 43 19 40 26 20 65 5 61 20 4 37 48 13 32 67 49 6 47 53 23 51 35 19 38 0 39 11 45 27 16 17 22 58 62 13 58 30 40 50 3 11 5 26 46 31 5 56 63 57 7 55 44 52 40 24 47 48 10 8 53 7 23 33 66 27 46 60 11 59 25 56 21 16 40 21 66 22 24 38 18 8 28 0 24 46 11 
DSJC250.9.col, 100000000, 1, 263817(ms), (71)47 53 15 55 9 47 23 39 16 11 52 33 60 43 11 58 28 21 65 22 16 56 44 34 35 26 59 7 17 63 4 39 68 50 45 10 37 58 47 53 52 21 48 45 28 11 49 12 42 28 55 37 13 16 63 50 26 62 36 19 13 14 24 6 17 27 5 60 68 40 25 46 38 9 53 9 14 59 20 60 62 19 1 15 66 41 24 33 35 10 59 67 38 36 4 26 6 43 29 1 5 70 56 21 29 18 8 7 48 46 57 6 45 31 62 51 0 29 46 68 55 56 32 44 5 68 22 64 8 11 43 67 66 51 25 2 52 51 63 17 51 32 70 15 66 65 20 53 64 41 54 7 42 15 42 3 36 54 49 18 41 9 33 37 20 2 61 44 4 17 3 39 30 59 21 49 31 36 33 12 57 54 27 18 38 54 32 70 55 48 69 46 42 24 1 67 62 5 58 12 7 25 14 34 69 3 44 34 2 3 61 35 19 31 26 30 12 65 50 0 57 6 10 27 0 18 40 25 31 57 47 69 28 45 61 50 24 61 64 13 22 23 30 0 10 29 55 23 40 69 
DSJC250.9.col, 125648, 0, 380(ms), (72)43 42 52 45 49 43 40 1 36 21 5 47 55 18 21 25 38 7 55 20 57 20 13 3 31 58 4 32 29 20 64 1 33 53 10 60 27 70 43 42 41 7 38 10 8 21 48 63 65 38 45 35 37 36 41 53 58 39 18 9 37 30 12 0 29 11 71 24 68 49 23 26 61 30 42 55 56 22 54 24 39 9 16 52 24 62 36 15 31 60 50 68 61 64 6 58 65 22 66 50 71 59 5 7 66 34 8 32 67 26 12 25 10 14 39 44 51 66 26 23 45 11 34 13 71 68 27 19 33 21 67 34 4 28 18 0 62 35 57 29 28 2 59 52 0 17 54 42 28 56 57 32 22 52 31 69 38 33 47 3 19 55 41 30 54 17 64 13 6 29 8 27 6 50 7 17 14 3 15 63 12 56 16 19 61 25 16 59 45 2 46 26 23 69 11 47 39 71 4 63 32 5 44 1 46 69 13 2 68 69 65 70 9 14 58 49 63 33 53 51 12 25 60 65 51 16 48 5 14 47 43 46 36 10 44 53 70 62 15 37 35 40 59 51 60 66 45 40 48 46 
DSJC500.1.col, 100000000, 1, 242202(ms), (12)3 0 2 10 11 3 6 4 8 7 10 3 6 9 10 5 6 1 11 2 8 3 5 3 7 0 4 10 9 8 11 4 10 8 11 1 7 11 10 10 0 1 5 5 0 0 1 10 6 5 5 0 7 0 11 2 6 6 2 10 6 1 9 7 6 4 11 0 4 3 7 4 3 11 10 9 3 4 5 7 10 5 5 2 9 8 7 3 9 8 5 8 8 4 4 5 4 6 3 0 6 0 10 5 9 11 4 7 4 3 8 2 11 5 8 9 9 7 2 8 1 6 5 2 0 3 4 0 8 0 7 3 5 5 6 1 4 11 1 2 2 10 2 2 7 6 6 3 4 0 3 3 1 7 2 3 4 6 6 11 10 2 6 8 2 7 1 8 11 2 7 1 9 9 1 2 2 7 8 1 8 1 4 7 7 4 9 8 5 10 7 5 11 10 1 10 10 1 7 3 3 3 11 8 11 0 11 3 11 9 1 0 3 0 3 3 8 4 10 0 9 10 11 7 7 7 10 8 9 4 8 5 11 4 4 2 4 9 8 11 4 5 2 7 11 5 4 6 6 9 1 9 10 5 5 0 9 3 10 9 0 1 7 1 1 7 4 1 0 5 10 0 3 1 6 4 11 4 11 7 5 8 6 5 3 11 8 11 1 9 4 0 1 1 5 9 2 4 9 11 5 0 5 8 4 10 10 2 7 2 1 1 1 10 9 1 0 0 5 10 3 1 0 2 1 5 5 3 2 10 2 0 7 6 10 10 4 2 5 4 3 6 10 11 11 10 10 10 8 7 1 2 7 11 3 6 1 6 5 5 7 4 0 4 3 7 3 9 11 8 9 10 10 8 6 5 2 6 2 0 2 3 9 2 11 7 11 8 3 1 11 10 1 2 9 0 6 10 3 8 5 2 4 6 4 9 6 3 1 11 9 8 2 9 1 7 2 2 5 2 10 6 7 2 1 11 11 4 3 11 2 5 11 0 0 4 6 7 0 8 1 2 6 8 11 8 1 2 3 10 4 11 7 10 6 9 8 7 7 9 7 5 5 0 2 8 2 9 6 1 1 9 0 11 4 9 3 2 0 7 0 2 10 2 3 9 3 0 0 3 7 5 10 0 0 9 8 5 8 9 
DSJC500.1.col, 18758, 0, 84(ms), (13)9 5 12 3 5 11 6 7 6 12 11 10 3 5 10 0 8 3 8 8 8 6 7 6 6 1 5 12 12 1 11 5 2 11 10 4 7 11 1 4 1 12 3 10 2 6 2 9 10 9 4 8 3 1 11 7 0 3 0 6 0 4 12 8 3 0 7 2 4 3 0 10 0 5 9 10 11 1 3 6 8 12 8 11 4 4 2 1 6 5 8 8 11 1 11 9 7 10 1 1 10 12 5 1 1 5 10 11 2 12 9 1 4 8 12 0 8 1 0 6 4 7 12 0 10 4 11 7 3 6 8 3 11 0 5 4 4 11 6 6 1 9 0 11 5 4 10 12 5 3 3 9 8 7 1 6 7 1 3 7 5 3 9 12 4 7 3 6 10 2 6 1 6 2 12 1 3 11 2 0 1 11 7 10 0 3 7 0 7 1 0 0 8 9 10 4 10 9 2 3 2 11 11 2 0 6 11 1 10 9 4 4 2 12 11 4 0 1 2 4 2 10 5 11 9 10 5 3 9 8 7 12 12 1 12 8 10 9 9 6 6 0 5 8 4 2 12 9 0 12 6 9 4 7 5 12 9 5 12 9 0 4 4 1 10 9 5 12 5 11 8 0 7 2 10 12 1 2 3 0 7 1 5 6 4 9 8 12 9 6 12 8 1 9 8 6 3 5 3 11 0 7 6 3 11 7 8 2 10 6 0 4 5 5 10 12 6 6 11 5 9 0 10 0 12 4 4 6 4 8 3 10 7 3 12 12 5 2 3 0 3 9 6 11 1 4 7 7 7 11 12 5 9 5 2 8 3 6 3 8 7 6 2 3 7 11 3 9 9 8 9 4 8 4 9 4 12 5 8 9 11 2 1 3 6 0 8 11 8 8 3 2 6 1 2 3 10 7 10 11 11 1 10 4 10 7 0 4 2 3 6 1 4 6 8 1 5 12 4 2 5 11 5 8 5 12 11 2 0 5 10 7 12 8 4 7 12 11 2 0 7 10 7 11 11 3 11 8 7 11 5 3 7 9 1 6 8 7 10 6 11 0 11 2 12 9 10 7 10 2 10 12 2 8 6 6 1 7 8 4 6 4 9 1 10 10 5 4 2 1 1 7 8 12 1 5 8 7 9 5 
DSJC500.1.col, 11960054, 0, 29480(ms), (12)1 4 10 0 11 7 10 4 8 2 5 1 3 4 1 0 3 10 2 11 9 7 2 1 0 9 1 11 6 10 4 11 0 11 0 11 3 6 3 6 4 4 5 5 5 0 9 2 10 7 2 10 10 9 7 1 3 7 0 0 3 1 10 11 4 0 9 10 9 9 3 6 11 2 1 9 7 7 4 9 1 8 0 8 2 6 10 6 0 2 1 10 0 10 10 2 0 3 7 5 2 10 0 3 3 6 11 5 11 6 5 11 8 9 4 6 2 11 10 4 10 4 11 3 1 8 8 9 3 7 5 1 7 1 10 9 6 4 2 9 1 5 3 1 5 4 9 2 5 10 2 9 2 2 9 8 8 1 2 7 8 4 9 7 8 0 3 0 2 8 5 9 9 6 11 8 1 10 3 11 1 7 0 11 3 5 6 0 5 11 3 1 10 0 9 6 4 3 3 0 10 6 3 5 0 6 11 9 6 8 9 6 1 11 3 0 3 11 6 1 3 7 11 6 3 6 11 1 10 0 1 5 4 10 4 9 11 3 4 7 3 1 11 10 8 5 4 3 10 7 4 9 4 11 2 3 9 7 11 3 3 4 4 9 11 4 11 4 7 7 0 7 4 8 6 9 0 11 11 8 7 1 7 4 11 3 8 5 4 9 10 7 5 2 2 7 11 6 9 2 6 5 0 1 11 2 2 11 10 4 8 8 7 7 0 10 7 10 3 11 7 2 5 3 7 2 11 4 1 7 11 10 5 5 2 8 7 8 2 0 4 1 6 5 2 2 3 11 4 6 7 1 11 6 7 2 11 0 9 5 8 6 0 10 10 0 5 2 8 11 3 8 5 8 9 8 9 9 6 7 4 7 10 4 5 3 7 6 0 2 1 10 10 4 9 10 8 0 11 9 2 1 6 9 0 0 2 10 5 2 6 1 4 6 5 7 1 7 8 0 6 7 3 11 9 6 0 5 10 10 7 5 2 5 8 7 11 6 6 8 1 8 1 1 11 8 9 0 0 7 11 9 10 4 2 4 5 11 1 5 6 2 6 4 8 8 1 0 6 4 1 9 9 11 6 9 3 5 10 3 3 2 6 8 0 2 7 5 5 2 10 8 5 6 0 9 0 1 2 8 
DSJC500.1.col, 25061895, 0, 62236(ms), (12)8 8 1 0 4 2 8 9 3 9 5 5 7 6 2 7 10 7 8 0 4 8 10 8 10 4 1 3 8 1 5 11 0 0 2 6 0 2 0 3 7 8 2 11 10 10 4 11 3 8 5 11 1 4 2 3 1 2 0 2 5 10 3 4 10 1 6 7 4 6 9 4 6 1 1 4 8 4 6 7 6 11 8 1 1 7 1 7 10 8 8 8 7 11 2 11 3 9 2 3 5 6 7 7 5 3 7 5 11 8 3 0 9 3 9 10 4 8 0 10 1 11 8 4 9 11 5 4 1 2 5 10 1 4 9 5 6 2 6 0 3 11 10 5 5 10 5 8 3 10 7 1 8 1 0 10 9 6 9 2 11 0 2 1 5 11 10 10 7 5 0 2 5 2 0 2 9 5 0 9 3 2 9 0 9 5 6 10 5 4 1 0 2 0 4 0 4 8 5 0 1 2 0 8 4 9 9 4 6 2 4 4 5 0 2 3 0 7 0 1 9 7 6 2 5 11 0 9 6 11 9 1 4 3 7 0 6 8 11 6 10 9 0 9 11 9 8 9 4 7 3 2 11 9 11 10 4 3 2 10 10 0 3 4 6 1 1 6 6 5 7 10 8 6 9 7 7 11 1 2 7 11 4 5 9 6 7 6 11 3 1 10 0 7 11 4 7 11 1 2 4 7 10 7 7 10 0 1 2 7 7 11 3 2 8 9 7 10 7 5 3 9 1 10 7 4 9 6 4 4 11 3 10 6 11 8 11 0 1 5 8 9 6 5 1 4 1 0 7 5 7 8 6 2 6 11 1 7 0 9 10 6 0 9 3 9 5 8 0 0 10 2 11 6 4 7 1 4 0 10 2 7 4 0 0 0 0 8 8 11 6 11 2 8 5 1 11 11 8 2 2 6 10 4 10 7 11 2 5 11 9 8 1 10 5 7 1 7 2 8 2 3 3 11 11 3 4 11 2 6 0 3 6 10 6 11 2 5 10 0 3 8 6 8 5 1 4 0 11 2 8 6 9 9 4 6 1 1 3 10 7 11 9 6 7 3 0 11 4 11 9 1 3 6 9 10 5 0 3 2 10 0 3 0 8 3 2 5 5 5 11 1 11 10 5 3 8 0 4 2 
DSJC500.5.col, 79406638, 0, 450823(ms), (49)11 17 18 4 20 11 16 29 0 1 26 35 2 1 13 39 34 37 11 4 26 15 48 23 44 45 47 24 46 23 7 44 23 29 6 33 31 32 12 5 16 25 32 37 37 35 42 32 3 18 1 44 43 33 14 23 14 9 22 19 20 15 33 17 2 30 38 34 41 35 3 10 19 38 36 28 41 17 21 42 12 46 37 40 31 47 36 20 7 39 23 14 17 38 39 38 27 45 37 5 5 32 17 18 17 25 3 7 13 41 6 30 6 13 22 34 16 4 46 37 26 25 0 40 20 8 47 46 22 34 8 46 7 4 48 19 18 43 24 1 40 14 19 16 37 17 48 35 10 46 47 25 41 45 23 28 28 36 23 3 22 25 20 42 12 11 42 7 33 41 14 0 28 15 21 41 27 32 6 16 27 36 15 38 5 18 46 30 1 1 9 32 0 28 29 10 26 10 23 20 6 44 21 34 33 25 18 39 41 13 14 0 39 39 36 26 8 26 5 27 20 21 45 15 8 16 12 18 16 30 4 30 48 43 21 42 25 15 43 35 40 25 0 16 12 2 47 12 34 28 21 29 22 45 43 44 38 29 40 28 11 17 34 27 6 45 33 20 19 29 3 38 37 25 7 39 6 8 43 14 31 14 24 6 27 13 39 48 24 4 20 45 16 22 18 36 9 33 27 10 34 37 4 10 12 7 21 5 14 19 23 27 28 28 27 39 39 27 35 25 21 34 17 41 36 21 10 10 2 35 26 39 41 16 10 43 8 3 25 23 6 25 36 34 38 3 18 32 31 7 8 12 40 36 7 38 9 12 31 0 11 11 2 20 47 30 44 12 5 19 23 3 17 28 42 44 41 46 24 15 1 0 19 31 36 24 6 47 1 12 29 35 33 10 31 24 11 39 6 22 10 45 40 9 44 9 3 45 30 32 5 42 47 19 5 16 24 18 44 43 3 2 10 1 8 5 5 42 28 2 20 48 13 2 33 42 31 25 5 44 40 40 4 45 32 33 2 29 0 10 21 22 27 18 34 7 0 1 46 24 2 30 9 2 36 24 43 37 32 14 35 21 40 9 26 13 48 48 16 48 15 8 0 5 15 3 48 43 12 19 30 40 7 11 47 19 9 27 36 26 
DSJC500.5.col, 2368051, 0, 11935(ms), (50)23 3 47 20 0 48 35 32 7 2 33 19 27 16 28 7 35 16 37 43 41 18 8 11 35 46 48 42 47 35 9 30 42 32 39 14 11 8 22 27 43 30 20 17 27 4 6 21 41 3 10 44 3 14 12 40 36 47 43 38 0 20 24 49 43 30 40 13 40 34 20 0 2 5 47 36 42 4 32 15 1 10 22 22 20 20 35 27 9 34 42 24 5 0 41 36 25 46 28 18 4 35 3 6 18 37 4 37 32 20 39 36 7 1 22 25 45 36 25 18 37 21 20 30 6 42 38 35 42 12 42 36 9 39 12 2 12 14 38 30 0 30 18 26 21 8 11 6 11 17 10 44 41 31 22 8 37 23 18 11 12 2 29 40 31 49 33 36 40 33 5 3 3 3 35 1 34 23 41 11 20 43 42 33 28 27 3 28 17 12 6 27 25 8 33 25 5 25 13 42 48 4 17 14 39 8 48 44 41 14 23 3 29 9 0 15 46 28 3 45 22 33 16 11 22 27 31 32 29 28 0 49 22 29 15 4 2 6 25 19 13 16 0 12 5 8 1 1 38 10 24 32 43 1 15 15 4 46 26 37 45 10 13 46 23 42 45 49 18 14 45 29 40 44 37 44 14 6 49 6 34 5 39 29 4 15 49 37 23 18 26 37 19 24 46 16 39 7 48 25 25 29 47 30 31 40 43 31 5 15 31 7 10 29 5 26 34 5 31 35 34 34 4 45 47 27 41 43 35 9 24 33 49 45 0 13 1 6 44 46 43 7 19 1 21 45 47 44 32 9 34 19 13 23 9 43 27 21 31 39 12 37 41 41 21 20 21 12 44 18 23 6 8 0 14 7 42 49 1 38 29 39 28 13 48 38 18 21 16 31 8 19 24 45 46 44 48 27 19 30 38 2 26 24 15 34 46 36 38 43 36 32 39 5 17 40 7 48 29 19 5 22 44 2 17 29 23 11 39 4 12 13 26 33 14 35 16 46 34 21 25 19 14 26 17 10 37 11 17 9 28 15 45 48 15 12 31 16 12 24 11 26 22 0 24 38 19 28 43 49 2 12 26 13 1 33 19 47 34 47 34 41 28 27 33 20 47 17 31 3 1 4 9 40 49 2 18 7 48 40 
DSJC500.5.col, 54401213, 0, 313821(ms), (49)42 45 6 46 13 11 37 34 14 17 0 16 22 39 36 6 45 13 29 46 6 33 10 7 35 2 11 12 42 38 25 10 12 20 3 27 39 24 0 38 40 36 25 31 40 18 43 24 8 43 39 39 43 41 28 18 28 26 40 45 15 27 43 18 19 33 1 39 19 13 29 5 24 3 19 39 12 7 39 23 32 27 13 35 0 21 0 15 9 25 12 0 32 13 6 42 31 2 15 23 38 46 45 48 11 18 28 29 24 10 25 25 30 40 30 41 14 34 17 21 14 14 9 43 28 12 48 41 12 9 12 42 47 47 26 4 2 15 13 30 6 40 21 7 16 13 25 27 31 26 39 28 19 21 35 20 10 46 29 10 41 23 11 41 23 42 37 48 44 25 40 40 17 27 37 20 8 36 21 48 9 46 12 36 34 45 20 7 26 17 35 6 27 24 0 31 2 6 19 12 42 14 8 29 40 20 19 19 13 18 21 32 37 10 1 25 2 23 4 37 45 2 5 47 35 27 16 34 3 47 44 16 30 26 46 7 5 45 42 5 6 17 1 8 3 24 1 32 4 34 43 5 16 24 35 16 36 37 8 22 32 22 32 22 18 12 27 14 19 29 36 9 13 33 43 14 43 34 27 28 21 33 33 1 3 41 5 37 44 34 6 21 3 48 22 1 25 15 30 47 44 9 0 31 4 24 37 44 3 1 5 36 39 10 3 5 23 1 26 23 14 4 30 46 4 46 31 31 28 30 21 37 23 40 31 33 21 0 14 7 22 18 48 33 39 10 21 9 35 11 23 2 7 36 48 46 3 25 35 44 42 29 28 29 9 7 16 14 38 47 16 35 46 48 41 11 12 14 41 17 21 14 25 15 34 33 20 4 22 48 9 42 37 20 5 25 6 14 32 11 29 29 22 5 48 38 35 29 38 24 2 22 28 28 2 40 8 45 34 4 40 17 31 45 8 19 36 23 47 28 23 44 3 36 26 22 15 41 38 11 41 11 15 42 41 18 10 7 2 30 7 27 27 20 44 19 8 29 11 43 33 48 16 2 8 20 31 36 13 9 4 32 38 33 15 37 45 30 16 30 30 3 15 27 37 10 26 26 8 22 48 7 17 17 18 5 28 39 42 44 
DSJC500.9.col, 277398, 0, 1907(ms), (127)17 19 120 34 122 6 98 23 75 114 60 22 8 49 69 18 27 48 78 63 123 46 56 118 35 38 95 16 31 9 58 64 125 15 63 2 104 95 22 62 62 82 47 104 101 68 106 93 67 26 17 5 85 51 55 87 22 33 71 66 84 45 97 44 59 112 126 91 61 90 50 45 4 71 8 87 69 29 79 76 91 55 71 121 123 20 114 20 62 99 101 98 109 102 7 37 59 78 54 97 108 121 106 74 36 41 80 126 107 24 49 116 10 72 57 68 94 86 28 77 73 69 32 108 86 51 7 84 87 5 114 70 116 39 5 30 119 47 90 95 66 77 113 10 14 32 54 97 98 93 102 112 39 71 3 19 54 43 103 82 114 36 21 3 4 77 4 92 80 68 52 61 10 72 27 9 109 63 59 53 113 44 85 119 66 3 66 1 80 65 9 6 43 59 10 96 36 117 72 11 62 37 70 122 31 48 126 125 41 81 0 94 7 7 33 46 57 106 27 123 8 122 12 24 120 83 111 93 41 79 26 12 35 22 124 23 41 47 108 28 115 93 102 60 99 61 33 104 42 14 0 124 76 123 49 105 16 67 96 103 125 70 91 92 88 1 8 107 75 25 40 18 25 31 120 34 110 57 53 86 103 51 12 100 40 122 31 76 110 49 19 52 30 111 13 109 34 84 4 34 21 83 115 57 42 86 52 109 89 56 16 100 105 6 24 115 96 106 32 50 20 75 60 58 21 3 16 116 2 89 124 107 63 113 69 25 60 92 33 99 51 68 81 84 120 17 81 50 48 105 47 38 46 45 0 88 13 25 99 25 73 45 42 72 118 14 98 119 14 44 1 15 70 30 13 111 52 111 2 11 96 117 101 9 102 65 38 64 6 117 37 86 13 92 74 118 95 28 121 38 80 123 21 19 112 78 94 124 35 56 43 20 46 94 64 78 73 53 64 39 49 85 85 81 64 42 115 83 67 58 26 121 43 108 40 29 35 0 39 23 119 96 112 82 75 29 18 116 27 100 89 24 88 18 30 89 53 97 56 107 40 1 83 79 90 110 59 101 61 90 28 73 125 33 74 11 65 5 74 15 87 44 32 79 50 82 100 67 15 117 105 10 117 17 48 54 104 126 124 103 
DSJC500.9.col, 100000000, 1, 597457(ms), (126)23 30 16 120 100 107 25 101 42 125 21 0 43 3 93 66 81 123 114 81 84 125 78 4 8 106 60 38 119 46 67 42 8 124 101 5 57 67 80 61 61 10 34 94 121 110 65 113 121 70 121 5 0 87 89 118 25 19 59 36 28 47 78 96 14 110 68 23 79 103 52 47 35 63 106 78 66 95 51 1 42 68 53 55 84 37 91 48 61 62 44 87 13 79 95 108 14 24 49 104 59 80 65 15 26 58 122 77 90 76 3 72 45 112 55 51 38 98 112 10 2 53 49 46 98 41 75 42 97 91 40 73 72 109 5 2 85 31 106 105 36 39 70 45 59 99 99 9 25 77 83 90 41 99 111 58 107 102 114 64 107 89 35 111 29 9 29 20 58 100 17 75 45 90 91 113 13 20 20 4 30 96 1 20 36 111 36 95 122 119 83 56 11 14 45 69 89 74 90 43 61 37 73 119 31 50 46 51 54 31 7 21 60 60 19 33 118 65 113 84 103 117 53 76 46 88 32 86 54 48 42 116 15 122 115 33 23 59 7 25 71 15 92 23 62 66 19 105 40 9 50 115 54 84 3 27 44 123 69 28 35 73 57 109 11 116 9 79 56 22 33 117 22 5 82 26 52 81 6 98 119 29 53 18 108 100 123 56 112 3 6 63 34 37 24 13 123 79 29 38 80 68 71 30 82 98 60 13 85 105 89 18 27 107 76 71 69 65 0 120 37 102 68 97 48 111 82 72 75 85 115 104 120 92 40 22 88 39 19 62 122 21 31 118 17 41 17 83 50 27 93 83 33 47 106 117 24 22 62 22 2 47 41 32 80 43 87 10 114 96 21 124 73 28 83 32 64 32 92 86 69 74 1 87 1 103 10 16 86 74 108 98 35 51 77 52 67 95 55 125 122 84 88 81 110 103 38 115 116 100 102 55 50 91 77 16 2 4 16 109 3 28 124 67 94 105 71 40 70 4 11 24 102 34 117 39 114 20 26 64 49 69 121 64 63 6 75 72 57 18 85 76 26 101 34 108 94 78 15 104 12 97 116 8 8 120 14 109 66 44 7 58 30 19 77 86 63 99 125 44 118 96 0 12 110 113 18 97 124 74 27 45 74 104 54 39 93 99 115 57 
DSJC500.9.col, 100000000, 1, 596730(ms), (126)74 91 19 25 92 26 68 31 97 51 119 57 22 17 61 112 21 79 54 21 117 44 58 121 42 41 48 45 85 124 12 67 7 32 125 3 5 114 48 65 125 112 42 5 6 82 102 103 6 40 108 3 57 94 53 2 96 14 43 34 118 27 8 110 31 11 106 1 7 55 36 27 66 116 64 69 120 20 33 75 97 55 109 29 117 104 55 2 23 56 104 27 73 68 123 80 31 54 43 99 62 59 114 26 30 105 120 106 101 120 17 15 44 101 80 33 75 122 23 89 71 35 43 124 122 22 123 118 47 113 49 125 15 50 3 77 44 40 41 94 34 89 85 31 115 22 52 52 115 103 93 101 24 79 72 91 24 63 55 86 76 49 38 72 66 52 66 16 19 32 68 7 1 101 115 1 73 4 4 70 91 36 59 53 34 72 34 12 111 109 93 26 63 48 33 87 32 0 101 75 2 98 1 92 108 82 124 12 18 107 11 42 79 48 14 90 76 116 109 117 46 92 35 76 124 83 100 6 18 90 97 89 51 25 9 86 18 62 11 23 123 103 62 119 56 7 14 5 61 102 41 9 61 117 17 84 45 116 95 59 38 13 96 50 29 113 64 87 81 94 78 111 60 3 28 30 88 21 4 122 49 22 35 98 38 92 40 81 64 17 51 8 77 100 78 73 43 118 66 28 72 83 37 121 46 122 28 73 102 58 45 18 84 26 10 112 82 90 57 25 104 20 119 47 108 28 45 15 60 62 9 99 111 69 81 79 119 46 14 56 10 19 61 118 76 74 105 93 70 84 20 93 51 27 41 111 60 49 56 125 71 37 2 13 32 69 52 69 16 110 96 64 107 77 93 100 74 100 60 79 95 0 104 98 68 107 74 67 26 0 88 122 121 33 29 36 105 23 59 42 8 117 80 21 54 65 85 9 89 58 63 29 70 108 67 88 71 46 67 50 17 38 44 114 67 16 123 83 85 80 107 54 63 10 19 90 16 4 30 86 40 95 6 78 8 13 24 15 95 20 87 98 30 75 77 48 37 121 58 99 53 47 83 87 51 25 86 50 87 39 23 71 91 14 88 65 39 13 103 39 106 110 57 90 24 109 70 47 94 0 84 113 0 99 112 36 5 106 9 12 
DSJC1000.1.col, 2215003, 0, 10412(ms), (21)10 13 12 0 14 1 1 16 16 13 0 14 17 5 2 0 7 14 5 14 8 16 11 16 11 19 19 5 10 15 18 2 11 4 19 16 17 1 7 14 12 17 3 7 11 18 19 15 20 10 20 12 15 11 10 17 12 13 13 3 0 11 1 2 16 10 5 11 18 5 16 0 17 3 3 7 20 3 16 6 4 16 18 7 16 20 5 14 16 20 9 14 4 1 11 20 9 2 10 3 1 19 12 13 8 15 9 4 0 4 15 5 18 11 18 13 1 10 14 13 3 18 18 4 17 18 13 12 19 18 9 11 3 11 1 16 14 20 10 8 19 7 8 14 5 16 1 17 8 19 18 16 12 13 8 17 9 16 4 6 20 15 13 6 6 11 19 4 14 20 14 0 19 11 5 12 0 3 8 1 6 11 9 10 18 14 13 20 1 14 7 9 0 5 12 15 7 19 2 17 1 0 13 7 17 17 13 18 15 2 13 20 10 19 19 5 16 8 11 10 12 12 16 6 0 4 7 20 20 3 7 8 9 17 11 2 13 2 2 6 15 8 13 20 6 20 10 19 1 8 4 4 10 18 5 4 3 3 1 6 17 12 14 7 9 0 11 11 13 15 14 0 9 0 3 8 14 15 11 6 1 7 8 6 16 0 13 7 1 19 10 12 5 5 9 16 8 19 20 4 15 17 18 9 11 6 14 1 12 8 3 20 1 2 14 5 10 1 12 4 11 9 16 12 1 6 5 5 12 10 5 18 2 6 3 7 7 7 0 16 0 9 5 8 1 5 19 13 0 14 1 1 5 2 5 4 2 5 16 10 1 9 7 3 0 8 9 14 3 9 20 4 7 16 3 15 2 15 18 15 13 1 17 10 9 18 15 2 2 8 2 14 8 0 1 10 5 1 18 4 7 8 16 6 15 6 2 6 3 8 12 1 16 4 9 5 8 16 9 8 8 3 6 14 7 19 20 15 0 6 18 0 16 17 2 15 1 10 5 7 2 6 2 9 19 3 11 8 7 11 1 12 14 16 1 12 5 16 0 15 18 8 3 3 7 10 5 20 10 13 9 3 10 16 4 11 12 17 3 11 17 3 9 1 6 11 7 13 13 14 20 19 4 13 12 2 15 6 2 3 8 19 18 18 8 4 18 2 15 14 20 8 4 0 17 5 6 19 17 0 19 13 15 1 17 7 16 9 12 0 4 15 4 7 16 12 16 20 14 20 11 6 14 14 7 8 7 8 3 10 17 12 12 11 11 0 13 9 10 13 4 20 12 3 16 20 13 3 12 13 15 19 12 12 20 12 15 19 19 0 8 19 15 1 9 11 0 15 18 20 15 12 11 10 15 20 6 4 16 18 1 5 8 13 18 5 11 10 0 20 2 9 3 15 18 15 19 3 1 7 6 3 16 9 15 6 17 14 12 11 10 20 5 13 5 16 0 10 6 11 4 11 15 18 11 9 10 4 6 17 0 5 12 7 7 10 8 8 0 11 17 11 18 4 4 3 5 6 2 13 8 12 3 1 12 15 9 13 14 7 11 13 19 6 17 20 16 6 0 8 18 9 2 1 5 2 7 17 7 19 17 6 12 12 10 19 9 19 12 15 11 16 10 6 3 12 2 6 17 14 3 4 12 4 2 14 18 14 12 18 7 12 7 10 2 20 18 2 1 20 20 8 15 14 18 12 15 0 2 13 3 2 14 19 20 3 8 18 7 0 17 13 10 10 5 11 19 1 16 0 2 16 18 18 13 18 1 11 5 17 13 5 2 19 4 9 3 17 12 1 3 15 16 1 10 5 12 4 19 11 8 20 2 3 9 0 5 7 19 4 14 6 20 9 15 20 9 15 19 4 14 13 2 17 5 8 8 0 19 16 6 1 18 1 10 5 12 19 11 15 18 3 9 6 11 1 3 15 9 3 18 5 7 11 9 20 4 6 7 15 14 13 4 18 2 7 14 17 15 19 8 6 7 7 7 9 12 12 4 18 17 16 13 20 16 15 8 19 19 10 16 20 15 10 4 9 11 4 17 14 6 11 9 19 7 12 2 18 9 10 17 18 17 5 13 1 4 2 2 20 4 13 13 13 2 4 6 11 2 15 14 13 13 9 6 12 7 7 15 0 2 7 17 12 9 6 0 14 20 5 2 14 0 10 13 2 20 2 10 18 11 20 18 16 7 14 8 17 17 10 17 5 0 6 5 5 13 12 17 18 17 0 1 0 9 11 2 12 17 4 9 17 1 4 7 6 6 8 1 6 
DSJC1000.1.col, 100000000, 9, 551280(ms), (20)8 11 7 7 18 3 15 14 3 4 14 12 19 12 4 15 16 13 10 15 14 7 7 18 0 3 14 15 1 13 11 13 3 18 8 15 2 14 9 8 2 10 10 2 2 9 9 19 0 0 16 5 6 15 18 16 19 19 16 13 13 16 7 9 9 1 17 15 3 17 0 8 17 5 3 13 18 3 3 11 6 6 13 7 2 4 12 2 18 11 12 4 18 10 0 2 13 9 18 11 14 13 15 10 16 16 8 14 6 18 15 19 4 5 3 14 5 17 18 6 17 14 16 18 10 3 6 13 7 18 4 14 7 13 11 7 16 17 2 9 1 9 15 12 11 9 9 19 2 14 8 12 9 0 7 5 11 7 3 5 0 9 10 1 12 9 17 4 7 13 6 11 14 0 6 3 18 7 13 0 12 17 7 7 11 14 13 9 2 8 0 8 12 7 6 11 4 18 14 17 3 19 17 2 17 4 5 3 15 15 19 14 16 11 4 14 9 5 10 14 7 14 0 4 6 3 18 10 17 8 9 16 15 19 3 7 6 12 2 8 2 6 0 5 7 16 19 1 2 15 6 17 15 17 8 3 10 11 1 5 1 6 5 11 16 10 8 1 7 15 0 5 12 13 19 17 5 9 1 2 1 8 16 2 5 17 14 0 15 4 10 5 12 4 18 2 2 11 16 12 1 9 18 9 5 1 11 14 3 7 7 0 19 15 14 1 12 15 8 10 10 7 13 1 10 1 12 8 9 8 19 4 11 2 17 19 9 12 1 18 10 11 11 2 3 8 16 7 12 2 5 16 7 17 11 13 12 7 2 10 5 3 5 14 5 18 9 11 16 0 14 13 4 7 19 8 17 6 4 14 13 15 2 14 12 10 5 4 6 16 15 4 2 12 7 10 17 8 6 3 15 18 14 7 11 4 16 16 0 10 19 11 14 18 2 17 0 6 10 13 8 14 11 5 1 18 2 15 8 12 3 7 9 0 6 8 15 1 0 13 4 16 5 3 9 7 0 8 10 8 15 13 5 7 9 5 1 12 13 15 6 12 15 10 8 17 0 2 15 9 11 6 13 19 12 10 7 11 5 10 19 11 13 13 6 14 9 6 2 5 6 10 17 19 12 11 13 1 16 3 6 13 5 18 16 19 16 0 1 15 16 18 0 19 19 5 17 8 2 13 1 1 12 19 5 3 7 18 19 0 14 17 13 11 18 12 15 12 13 9 4 4 3 11 8 6 2 5 18 12 17 15 9 19 12 19 18 2 0 19 12 4 19 19 0 9 19 0 4 17 18 12 11 19 8 10 2 16 17 0 0 1 13 0 12 6 14 2 13 3 6 19 1 11 6 19 3 19 1 12 0 7 18 16 5 15 14 15 1 16 13 9 19 5 8 19 7 15 18 3 7 12 17 3 10 7 7 9 13 14 1 19 5 6 9 5 6 1 18 2 1 8 14 9 11 8 7 17 17 1 10 4 15 3 11 10 3 0 12 8 5 13 13 7 11 5 14 10 8 2 2 17 16 6 7 10 3 5 2 6 0 0 12 11 15 0 18 6 3 4 14 13 16 17 16 5 17 1 11 7 18 6 5 15 15 18 15 8 19 6 10 5 6 13 3 14 17 3 14 4 2 4 8 18 4 15 19 4 5 18 9 13 19 9 3 13 3 2 14 16 16 11 11 1 14 9 1 13 5 18 14 15 4 13 3 2 19 12 13 5 9 19 7 15 3 1 7 16 6 6 17 17 10 17 6 19 17 2 4 17 10 12 4 7 17 1 4 10 18 11 4 4 1 15 17 7 1 18 1 2 16 2 16 15 16 4 9 10 8 11 13 1 8 13 14 9 6 12 2 13 15 14 8 16 13 3 6 0 7 1 6 9 18 6 3 7 8 18 18 9 9 16 13 3 3 14 12 1 1 16 19 6 17 1 16 8 10 12 19 10 2 10 1 0 2 1 12 3 15 4 4 16 11 16 11 12 9 6 8 13 9 10 9 14 5 2 2 0 14 13 4 19 18 10 17 13 0 14 3 10 0 17 8 8 2 0 15 11 10 9 15 12 19 0 2 3 8 4 3 17 0 12 12 17 16 3 5 3 0 18 11 11 18 6 1 19 16 14 9 8 2 14 19 5 0 2 4 15 11 16 15 18 17 11 14 6 16 5 7 14 13 17 14 5 11 10 3 4 7 3 18 19 18 10 19 11 8 8 17 5 12 14 11 8 14 2 19 6 9 4 7 4 2 4 7 1 6 1 12 8 
DSJC1000.1.col, 367387, 0, 4704(ms), (21)2 9 15 1 2 0 4 17 14 1 18 8 10 9 6 17 16 2 8 12 9 2 19 12 17 2 1 1 12 16 7 16 11 16 3 6 1 0 0 3 18 1 13 19 17 15 6 7 14 1 14 1 13 10 12 12 2 3 8 18 13 19 18 20 3 15 20 13 8 9 1 13 5 3 19 13 11 18 2 7 9 7 20 12 8 0 12 20 0 18 5 11 1 14 13 15 9 12 7 7 3 20 9 15 18 9 11 3 10 10 11 2 7 8 15 14 3 0 9 18 20 13 11 13 1 2 10 16 3 16 11 1 4 17 0 17 13 5 0 3 4 1 6 7 10 15 17 1 18 12 18 0 9 13 12 15 17 3 2 3 14 16 15 10 4 6 13 1 19 16 15 0 6 11 19 13 18 8 9 1 4 17 19 15 7 2 20 19 3 15 12 18 3 6 15 10 8 17 5 8 0 17 0 16 2 0 12 16 0 5 8 18 6 18 2 17 1 20 14 14 6 2 14 20 20 5 5 18 4 3 20 20 1 15 6 19 2 18 10 5 7 16 6 9 20 8 16 6 17 20 6 18 4 19 7 1 10 8 5 20 20 3 5 4 12 6 3 11 5 20 4 7 1 14 20 13 2 19 19 13 19 6 0 13 11 8 17 6 12 8 15 0 20 5 9 7 14 10 4 3 5 10 18 19 19 12 4 17 6 17 13 3 12 4 17 14 14 19 19 6 15 20 16 20 11 4 1 3 17 0 5 1 0 13 16 13 14 13 4 8 18 0 7 9 14 17 0 18 17 13 12 13 19 18 7 6 3 20 14 7 11 8 11 4 10 19 10 2 9 16 16 7 4 18 11 7 11 8 9 0 4 5 1 10 13 15 11 13 8 6 12 1 8 10 17 7 17 5 9 1 19 18 17 9 9 3 4 9 5 14 19 11 0 2 8 11 14 15 5 14 18 5 17 17 20 9 8 4 12 5 15 14 2 11 9 13 13 6 7 10 3 1 14 19 2 19 4 14 8 5 12 20 11 19 3 0 18 5 18 10 17 6 3 18 9 17 18 8 4 3 3 4 4 15 3 3 17 9 12 17 16 18 16 5 5 0 18 16 16 15 13 12 20 12 0 12 13 18 14 20 6 2 10 14 19 2 14 16 10 9 9 3 0 15 14 18 14 14 9 6 10 15 5 9 10 16 7 15 12 15 10 16 17 20 13 20 3 3 4 6 8 8 0 4 12 18 17 2 7 0 5 4 1 12 7 12 12 15 14 9 9 9 17 12 16 6 16 14 1 4 16 10 8 15 4 8 1 17 6 10 12 9 10 15 13 10 19 10 1 6 9 0 19 9 14 13 19 0 14 19 4 2 6 20 3 14 15 3 11 13 11 8 0 10 0 9 8 13 9 18 11 0 2 3 18 12 2 3 5 18 8 15 3 10 18 10 10 12 18 13 15 10 2 20 15 14 17 0 1 1 2 5 11 11 16 13 8 8 14 13 4 10 2 9 3 2 1 9 17 0 19 16 9 1 5 11 1 16 4 19 6 6 11 1 4 4 18 6 20 6 10 9 0 19 5 2 10 15 6 19 15 12 3 17 7 12 8 15 5 10 16 7 14 3 8 2 19 12 1 7 11 18 19 16 2 4 16 19 18 1 0 10 11 18 19 14 0 20 5 13 4 6 2 7 3 3 12 0 20 19 18 4 4 13 11 8 6 15 16 17 6 7 15 9 8 16 20 11 9 12 20 9 4 1 19 5 11 17 9 10 16 14 2 2 7 1 3 0 3 6 13 5 2 18 11 7 8 20 15 10 19 4 3 5 13 10 7 16 1 17 15 7 6 10 7 11 9 5 2 10 17 14 18 10 16 7 9 10 18 2 6 18 1 14 13 17 4 17 4 20 1 7 12 9 2 20 17 5 7 19 3 12 13 20 19 13 8 3 16 10 15 14 15 7 19 12 2 5 11 4 0 8 3 6 16 7 10 20 10 18 15 6 11 6 7 13 1 6 20 2 20 9 13 15 15 10 8 5 11 17 8 8 7 7 8 3 15 16 4 20 14 0 13 7 6 5 5 2 3 4 6 10 10 13 14 5 4 3 12 3 17 19 7 8 12 19 8 11 11 7 5 17 8 5 17 12 8 1 10 5 20 3 18 15 6 6 7 2 19 0 4 20 0 7 8 1 15 15 19 16 13 7 5 8 16 8 15 7 5 11 1 3 7 11 1 17 12 0 1 7 11 0 5 0 16 15 15 18 2 15 
DSJC1000.1.col, 781552, 0, 8895(ms), (21)6 17 9 1 2 5 13 0 17 3 11 4 6 8 12 15 17 18 0 19 20 15 11 12 15 13 18 15 6 15 9 16 2 1 6 19 13 8 0 15 17 4 11 13 2 5 5 9 3 4 4 5 2 1 4 14 6 0 19 6 17 18 13 6 8 12 2 18 5 17 3 4 5 11 17 4 3 8 14 14 2 11 0 2 1 19 12 13 3 3 14 4 20 14 14 17 17 6 10 0 2 18 20 0 8 0 18 14 17 17 10 20 8 7 20 2 1 0 18 6 18 18 18 5 7 13 15 2 12 16 3 5 13 13 17 20 2 3 13 13 11 16 6 14 8 0 11 1 9 7 1 3 12 4 6 5 7 0 10 5 3 5 5 1 13 1 2 15 20 14 10 9 17 8 16 20 9 10 8 16 20 10 9 9 9 15 19 2 5 9 13 17 2 2 9 2 0 18 20 9 12 13 10 11 17 12 15 12 19 10 16 20 6 11 14 15 2 16 0 14 18 1 3 10 19 3 15 1 7 4 12 15 5 18 7 6 17 12 3 10 16 12 3 6 0 17 20 14 11 10 18 14 10 19 0 11 14 5 20 0 12 8 18 16 2 10 13 9 18 19 2 11 19 5 13 10 6 19 2 11 5 16 10 10 15 19 10 16 2 9 6 2 16 13 2 0 14 7 0 1 1 12 15 11 14 5 8 17 15 8 18 6 17 13 8 5 13 19 20 10 0 17 1 14 13 7 2 10 0 6 3 8 4 10 10 20 18 13 1 11 18 2 8 17 7 15 14 19 7 10 6 2 4 18 2 8 0 16 9 19 11 14 7 11 16 11 16 20 4 9 20 5 16 18 9 17 18 19 12 7 1 14 19 1 12 16 20 14 1 4 7 14 9 14 4 1 3 19 12 2 13 13 12 3 4 0 10 14 10 0 7 12 4 4 5 3 6 1 19 9 20 20 8 7 20 12 12 19 6 20 11 15 7 18 14 19 4 0 9 16 10 18 7 6 12 8 13 1 13 17 6 11 0 0 5 5 15 0 20 4 15 15 11 18 16 12 11 13 11 8 18 10 8 18 2 3 7 9 0 6 2 4 9 15 18 4 16 17 12 1 15 10 16 12 19 1 6 14 17 13 8 7 11 12 14 4 17 7 6 18 9 3 19 6 9 4 9 14 13 1 16 1 14 6 20 11 9 13 20 12 3 9 4 0 0 11 19 12 1 16 10 14 18 8 13 15 7 14 17 5 19 13 15 0 12 13 2 16 4 20 12 9 13 6 11 10 1 12 13 20 12 15 8 3 15 18 17 4 8 6 6 2 16 16 4 15 8 3 5 20 19 14 13 19 2 10 7 17 1 12 8 4 7 20 5 8 0 10 14 20 0 5 4 2 19 11 7 13 5 10 2 13 0 5 4 1 20 20 1 1 19 8 8 17 4 7 14 6 0 9 4 16 4 19 13 4 18 20 2 10 10 17 11 5 15 20 17 0 17 0 19 12 7 18 15 2 10 11 14 15 11 9 3 7 12 17 5 6 11 13 6 10 2 7 19 6 4 2 3 14 17 14 3 11 7 20 14 11 13 2 3 0 7 7 11 6 17 1 3 8 19 0 3 18 8 6 18 9 8 20 9 18 0 6 7 11 5 7 15 15 18 5 2 16 11 0 18 3 16 1 8 3 11 0 2 15 10 1 20 4 17 4 4 2 5 8 16 8 15 5 10 2 19 20 3 15 15 11 18 9 16 7 19 11 0 3 17 17 4 12 5 8 7 19 16 19 15 3 20 11 14 9 1 16 9 0 0 3 18 4 13 10 6 2 13 7 16 16 20 13 10 7 14 5 16 3 9 17 15 7 8 16 7 20 11 3 13 19 6 18 2 18 20 9 2 12 1 7 1 7 17 15 14 12 13 1 13 3 16 10 16 3 13 15 11 16 20 5 12 19 6 4 1 15 7 0 17 13 13 8 8 7 7 9 19 19 3 11 0 20 9 4 16 14 16 20 16 1 19 20 14 16 1 0 18 20 3 15 19 14 15 1 2 13 13 12 4 4 4 5 9 17 11 12 10 0 1 18 19 9 2 20 3 7 9 7 11 1 3 17 8 5 2 9 0 18 14 3 19 16 10 14 19 12 17 20 1 7 3 10 11 1 18 4 16 15 5 6 18 4 3 16 19 4 10 14 13 10 0 13 20 8 5 0 6 15 6 9 18 15 19 17 2 17 6 13 9 12 16 16 9 16 12 18 10 7 5 1 4 3 
DSJC1000.5.col, 100000000, 2, 1851291(ms), (88)1 24 6 23 45 4 2 54 58 36 78 21 20 42 52 61 50 16 45 72 68 83 26 78 49 51 23 4 50 48 56 80 30 21 41 81 19 54 30 17 64 33 22 15 0 78 10 31 10 53 56 61 58 3 15 64 4 84 47 61 14 29 38 1 75 43 84 27 87 67 38 20 34 0 55 21 10 80 61 57 28 41 57 3 63 24 63 59 82 9 28 70 17 59 70 34 32 67 1 30 57 60 46 73 14 13 63 74 87 34 76 84 21 25 52 57 8 51 48 19 0 77 46 64 1 42 36 46 65 75 61 85 76 69 73 84 13 82 37 46 12 78 81 46 79 48 0 47 35 53 69 69 77 54 63 14 53 63 7 85 86 45 32 9 44 52 27 87 81 81 36 16 75 21 43 30 7 44 29 41 22 37 13 71 38 77 23 55 61 79 63 16 74 74 18 24 17 43 58 86 69 40 11 4 39 87 44 36 23 21 87 59 84 8 2 26 18 14 77 82 8 2 12 87 25 67 40 0 83 86 29 57 56 41 77 31 5 2 72 39 23 47 19 20 42 70 29 74 46 35 23 32 73 56 9 85 29 66 66 47 79 82 45 51 78 81 48 30 40 63 21 42 32 20 76 16 17 45 4 37 32 5 9 9 2 57 13 10 24 14 45 77 40 81 25 38 8 71 46 12 39 68 50 44 1 72 85 2 16 30 15 31 64 45 65 0 16 5 1 40 0 18 50 49 84 4 33 26 86 65 83 63 62 35 62 69 83 41 57 45 57 62 36 86 26 60 62 62 1 27 12 61 11 27 72 26 61 21 5 19 49 78 63 59 24 39 76 17 7 11 67 4 52 65 19 85 0 78 8 62 14 1 8 11 77 47 32 53 20 49 17 30 49 29 55 85 65 53 33 65 27 16 33 81 52 7 37 70 41 85 8 4 23 31 5 62 15 64 66 7 7 68 25 10 64 37 75 35 82 59 71 84 19 13 8 70 76 73 70 76 28 62 41 1 3 18 19 70 12 66 66 15 77 74 58 31 69 22 34 74 8 40 28 77 73 59 78 74 87 86 18 74 85 50 37 81 51 69 3 79 10 49 75 10 52 41 44 5 31 38 80 58 83 34 79 54 49 66 17 58 54 6 73 48 42 60 63 60 80 83 24 73 48 19 15 3 40 55 50 6 12 52 20 43 32 43 35 31 13 42 19 56 78 10 62 60 75 67 74 59 81 80 4 26 15 12 7 82 40 24 84 7 77 86 12 32 38 70 55 44 73 55 75 65 39 48 35 84 48 48 50 19 71 32 5 22 8 62 54 4 56 60 13 49 77 83 2 71 55 33 10 71 67 84 87 38 30 67 18 60 7 19 42 5 39 33 22 54 47 26 58 66 73 87 40 87 75 16 86 82 13 5 35 25 6 57 58 60 60 1 37 71 65 86 6 36 26 31 12 38 38 64 64 76 22 43 5 3 73 86 47 48 43 47 54 67 79 23 64 18 80 24 69 81 83 26 53 74 27 10 41 73 69 63 55 59 48 52 31 46 44 51 15 70 77 48 70 24 68 72 24 43 68 3 59 13 58 64 82 28 39 49 27 25 36 5 7 6 70 32 31 39 56 86 14 72 25 17 38 68 20 54 45 36 29 75 66 54 24 0 81 51 73 67 37 83 45 44 73 25 57 76 40 83 73 50 19 23 52 71 55 3 44 58 26 56 23 51 18 11 76 68 30 83 77 20 25 20 8 85 42 35 18 35 47 30 67 16 2 85 35 31 25 29 11 80 41 11 16 27 58 79 75 12 12 66 78 5 29 48 65 54 31 7 11 24 7 45 71 67 22 66 84 35 37 43 9 30 72 42 70 2 74 10 61 16 80 58 57 22 72 13 51 69 47 84 71 68 13 82 37 34 6 37 43 31 26 85 87 72 39 70 67 15 60 67 81 6 61 52 33 20 9 85 14 16 45 14 76 51 29 49 20 62 9 3 41 68 38 26 33 34 45 49 79 22 64 75 28 59 17 33 36 25 0 42 77 76 60 29 55 56 36 59 29 6 53 27 29 4 3 34 9 28 44 83 44 2 6 69 17 40 14 53 9 33 52 59 82 57 72 56 9 56 43 70 34 34 15 23 67 21 16 14 80 52 21 14 17 64 45 11 21 64 37 42 46 49 6 0 56 20 76 50 11 55 28 8 42 72 40 53 66 35 79 71 1 69 20 34 56 18 18 80 28 28 43 34 32 32 69 53 38 49 33 82 55 46 82 60 
DSJC1000.5.col, 100000000, 1, 1533363(ms), (89)28 6 62 52 62 86 22 27 70 9 40 37 54 51 56 65 60 54 83 15 29 71 26 12 38 46 79 5 26 50 54 0 5 21 10 55 26 46 39 54 16 48 10 32 65 83 82 76 32 35 33 27 56 29 34 75 83 54 51 28 17 49 2 44 61 48 72 75 30 81 70 41 73 4 82 20 25 67 61 56 88 51 48 47 11 43 48 51 21 58 57 88 49 37 64 70 48 80 29 8 88 86 47 45 42 78 79 0 21 22 36 56 21 70 51 20 10 69 33 14 3 24 10 84 73 31 45 78 14 11 69 17 4 3 71 50 41 44 33 31 37 63 12 87 45 88 4 40 70 28 73 73 72 66 8 52 50 38 37 75 85 81 43 1 10 77 74 47 84 74 67 45 2 68 82 75 68 2 72 79 19 8 84 13 66 52 7 11 82 18 8 39 61 44 80 69 9 21 83 69 12 55 46 63 45 62 19 45 49 40 44 36 85 38 27 0 5 68 55 70 1 55 18 20 69 62 88 14 71 31 82 44 44 54 10 50 16 71 37 64 49 38 51 80 53 64 67 41 66 49 43 60 63 41 18 28 0 55 38 81 74 11 9 37 78 55 84 15 76 81 9 68 28 72 28 61 27 31 61 52 56 6 19 18 65 16 61 56 7 17 49 37 34 54 31 18 71 56 11 14 63 13 42 65 21 40 65 84 7 43 21 50 1 11 55 79 12 22 53 34 59 78 57 41 77 12 66 27 0 57 43 67 52 52 8 64 66 65 21 25 74 73 77 0 37 79 71 85 47 53 74 16 14 24 46 58 51 10 40 24 69 72 20 85 69 68 52 35 34 24 36 8 53 67 88 19 31 24 7 87 85 2 32 0 84 80 29 26 50 2 62 43 63 52 62 55 70 53 87 16 17 16 57 71 17 81 7 72 75 41 48 46 43 51 19 54 58 26 75 78 18 53 55 23 72 86 20 5 76 50 9 8 88 63 18 30 5 42 78 45 16 35 86 66 4 77 58 73 79 61 59 68 40 15 62 65 22 53 42 68 31 52 36 32 13 27 52 77 68 60 85 69 23 16 67 63 80 32 64 22 50 23 0 87 12 16 29 3 76 53 3 53 67 52 44 3 63 49 1 77 10 61 29 46 41 82 37 6 44 72 0 0 28 4 79 5 61 13 72 42 56 6 7 22 74 22 9 76 61 41 32 32 19 46 6 62 82 56 38 33 4 55 15 58 21 6 48 5 51 60 20 34 41 84 22 56 13 23 79 88 55 85 48 46 32 2 49 75 16 57 40 67 3 38 49 3 22 86 40 74 76 27 46 30 68 37 26 29 63 57 13 76 4 69 71 63 30 27 51 54 6 77 35 47 20 77 83 62 30 27 2 81 25 70 65 70 50 54 36 4 71 34 49 13 28 42 66 44 86 58 77 79 4 88 26 23 63 88 13 47 7 47 71 36 33 83 27 39 60 60 59 47 76 77 1 12 85 14 62 17 31 55 30 51 84 58 44 87 40 87 51 63 30 43 23 19 57 33 10 10 5 87 42 58 56 59 41 1 22 85 46 58 9 39 19 26 72 86 21 40 2 88 36 31 80 38 18 12 2 54 64 10 45 57 20 50 45 8 18 36 41 71 19 23 23 74 81 62 42 30 24 42 68 83 84 66 80 35 26 39 8 26 12 25 8 67 35 6 82 20 26 73 88 60 12 75 14 69 86 82 87 65 1 66 50 49 64 80 81 43 39 69 58 60 44 19 82 61 73 14 35 47 78 16 70 23 4 62 45 17 78 18 34 60 32 23 12 68 24 9 48 43 66 31 25 9 32 23 88 81 39 86 45 5 79 1 41 39 57 38 29 3 40 18 20 2 11 35 76 53 74 33 35 31 49 25 48 65 15 77 66 76 28 69 88 8 86 26 59 10 33 73 75 24 13 18 51 67 17 81 59 29 43 78 17 20 16 60 34 64 16 79 74 47 5 39 59 13 73 48 60 87 80 15 83 83 83 67 36 34 65 66 11 59 32 19 80 84 35 65 13 14 34 84 15 73 1 86 70 57 37 35 28 6 40 14 3 87 38 76 14 33 57 61 24 32 29 35 44 77 64 33 46 32 1 80 88 87 42 70 8 64 38 17 1 28 64 72 29 70 22 25 9 0 69 31 54 23 7 3 20 59 36 60 85 38 6 24 25 7 74 36 81 59 11 20 7 80 46 30 42 2 25 15 83 73 59 11 48 5 29 33 40 78 49 61 81 15 42 25 
DSJC1000.5.col, 14064172, 0, 219419(ms), (90)85 83 70 62 76 33 60 31 85 24 57 27 82 9 33 12 2 62 83 33 86 54 34 48 46 79 61 88 0 9 63 7 54 56 16 59 14 72 76 39 51 16 34 74 28 4 24 22 62 71 9 42 31 75 81 13 34 82 24 79 74 46 81 68 2 16 26 76 2 3 8 8 36 42 34 22 49 43 44 47 56 21 86 52 7 85 61 70 65 77 32 8 64 8 43 77 31 41 78 42 65 85 59 27 12 44 5 47 1 7 79 79 71 26 39 81 1 5 3 35 83 15 49 37 27 14 19 2 66 71 6 27 46 25 35 75 0 2 89 40 41 0 19 1 9 11 15 65 73 23 27 73 41 26 64 36 37 5 29 18 59 19 63 6 9 29 61 57 63 84 4 57 28 45 86 56 6 32 60 3 80 14 77 26 72 36 32 59 87 29 45 48 12 52 54 75 19 32 60 5 84 16 35 34 21 33 67 16 56 15 12 17 83 68 34 63 66 68 18 85 58 20 36 21 22 8 78 76 58 88 46 19 79 67 48 53 47 38 21 13 30 87 50 17 57 76 28 3 52 56 74 36 42 26 54 79 59 35 40 20 11 38 34 62 66 11 77 59 2 83 44 47 23 60 9 47 78 21 9 36 77 48 50 29 32 63 44 40 19 30 67 2 61 70 74 73 1 14 35 82 21 81 21 41 85 38 1 20 28 68 61 59 76 31 26 42 65 18 4 67 81 60 5 55 60 75 20 22 32 55 30 13 75 4 42 78 71 53 45 39 56 4 10 8 75 24 39 32 18 66 58 42 3 16 22 25 50 16 42 31 71 25 84 53 86 74 68 7 18 68 1 64 48 67 74 28 3 82 78 41 35 87 70 3 81 17 46 53 30 30 7 30 50 47 89 31 38 23 80 17 5 38 32 68 77 71 29 37 7 51 60 17 30 50 74 84 48 59 11 8 36 51 22 49 25 85 39 62 46 72 81 50 10 6 11 76 69 7 27 1 12 55 27 62 29 89 16 39 58 8 48 0 20 62 13 44 7 20 12 3 42 70 26 18 83 8 26 69 39 84 85 69 45 47 64 68 89 32 82 76 59 12 86 9 30 47 89 26 79 59 5 61 51 52 73 45 43 49 51 5 78 12 87 11 2 79 72 34 10 12 55 19 72 74 41 38 82 65 46 38 58 41 17 52 33 4 58 23 64 3 48 27 81 45 82 87 65 65 40 74 33 17 25 50 11 84 50 19 53 46 56 18 68 81 6 73 4 70 67 58 58 60 15 43 63 19 20 75 55 29 89 57 72 84 57 40 52 21 15 36 83 79 3 80 6 54 19 67 50 11 21 31 22 52 11 65 70 34 33 38 0 39 41 23 84 14 30 66 4 44 77 80 49 14 54 52 73 84 37 33 82 83 31 72 21 62 85 64 63 2 88 49 14 8 54 26 89 0 62 46 53 18 49 67 34 44 88 58 45 45 23 2 66 29 80 68 88 47 61 15 3 86 46 18 58 87 75 16 1 71 36 34 76 34 89 70 80 1 6 78 22 81 74 64 83 54 77 48 10 28 13 87 69 43 20 25 17 40 45 41 67 50 85 40 87 5 69 38 13 32 82 7 86 48 54 83 64 42 14 17 21 78 12 76 57 56 59 40 73 24 64 22 27 65 43 57 87 82 89 30 42 5 45 15 40 10 89 34 65 62 4 15 11 6 19 84 67 2 33 24 6 64 76 1 35 72 20 20 53 38 73 57 56 84 28 74 88 58 35 31 60 62 43 47 45 16 75 31 88 48 31 37 69 49 0 88 10 8 2 20 61 48 71 66 88 24 66 37 8 77 9 27 80 73 25 50 35 68 13 7 17 44 10 54 60 41 24 79 83 36 71 51 71 19 64 72 73 21 25 10 63 38 55 8 10 37 85 24 51 78 28 69 22 4 42 55 18 85 37 88 15 49 50 51 1 62 46 2 25 49 47 13 47 0 74 33 53 38 0 7 32 14 53 50 42 1 83 86 51 61 86 9 33 76 30 80 15 66 71 11 89 35 28 35 88 54 88 66 57 41 43 60 3 0 16 38 69 28 40 84 51 24 11 12 80 57 39 72 36 81 79 34 49 4 10 77 13 70 63 10 42 79 25 87 6 84 29 10 29 59 52 22 27 72 52 43 70 41 31 25 13 58 57 61 28 29 43 75 0 40 67 87 22 73 53 65 40 44 62 14 79 32 39 81 9 21 17 67 13 32 39 13 37 69 82 75 69 55 14 23 
DSJC1000.5.col, 3293826, 0, 52937(ms), (90)32 81 49 87 60 67 4 83 59 74 54 82 26 22 61 60 33 15 67 81 86 19 62 32 56 31 33 75 86 42 35 14 25 40 36 54 1 5 79 45 79 45 84 75 27 87 70 2 65 82 39 69 59 89 63 14 62 16 31 9 19 10 82 8 24 22 50 40 63 63 27 54 59 80 53 74 38 46 54 48 24 83 33 4 60 61 70 64 74 65 74 89 88 42 3 22 68 41 58 11 32 75 38 82 24 43 31 18 19 63 23 58 56 12 64 15 18 9 77 58 72 7 4 13 57 6 35 1 55 6 26 48 3 23 88 20 43 33 85 85 32 12 8 38 27 15 16 89 36 89 79 12 51 87 21 17 21 74 2 75 6 52 20 26 68 7 64 3 29 20 59 42 79 65 68 63 40 49 60 38 56 41 36 71 13 66 87 53 59 53 39 42 40 71 55 46 73 39 42 1 7 65 42 26 27 80 66 27 86 4 8 26 64 25 4 89 58 86 73 27 26 28 9 63 86 69 14 80 43 80 84 14 30 71 51 71 45 5 68 2 79 0 72 43 10 63 13 89 16 10 76 1 52 16 22 80 88 35 33 85 57 29 28 41 20 66 48 43 20 28 14 55 89 73 83 35 54 23 21 11 56 74 66 47 26 57 76 36 68 4 22 72 20 31 68 61 60 41 28 6 48 55 23 53 89 30 77 43 34 25 53 38 26 82 14 87 56 79 0 24 81 46 64 3 25 47 45 34 85 24 78 72 30 11 25 6 83 6 81 42 86 30 75 22 88 13 65 22 61 9 71 53 87 31 82 46 2 14 51 88 52 12 28 85 37 14 38 0 43 25 63 3 13 66 28 75 64 31 61 43 3 19 17 7 22 62 3 4 32 48 54 20 89 8 80 70 56 27 17 56 7 34 45 35 13 2 34 82 10 21 64 85 29 0 84 80 59 78 62 60 77 36 78 65 26 57 38 46 70 36 19 17 41 9 88 43 74 23 10 19 29 46 79 2 16 84 53 60 49 65 48 62 86 23 34 83 32 51 51 21 79 67 11 47 85 79 12 15 55 35 67 86 79 78 5 12 75 7 33 81 39 61 26 42 7 0 81 66 49 5 2 40 1 46 8 63 30 54 2 7 22 5 15 12 6 61 22 41 14 58 45 8 80 67 59 89 72 23 73 76 29 69 49 77 65 77 17 76 83 3 57 16 31 39 88 64 52 67 41 85 4 45 31 60 45 32 34 25 68 8 18 74 42 77 32 23 35 71 12 72 71 11 55 70 10 46 69 28 52 30 73 45 5 20 45 55 16 57 79 21 17 33 43 71 88 16 54 52 4 66 0 12 59 36 50 57 25 86 2 5 15 25 0 17 67 60 4 61 75 21 67 44 15 19 24 60 47 0 31 14 33 17 79 29 50 67 53 30 57 67 7 56 87 42 25 81 76 28 8 37 47 61 73 81 57 50 83 41 23 86 39 0 11 37 37 71 41 26 44 79 70 77 12 20 58 78 75 54 51 73 71 16 6 85 11 5 52 44 49 26 25 18 45 68 17 81 48 24 47 83 87 44 52 42 56 37 32 7 39 69 17 52 9 78 1 1 77 28 34 50 2 35 51 85 48 83 88 86 36 59 23 19 75 66 88 41 13 61 76 3 54 36 58 56 37 25 23 74 30 60 31 78 29 16 15 7 72 62 44 72 29 0 15 40 16 37 69 24 51 19 77 51 87 74 38 21 72 41 53 84 22 1 46 72 10 66 27 24 32 84 62 64 21 78 22 10 13 84 46 48 40 65 58 73 39 71 40 11 6 73 69 67 6 44 48 31 42 74 37 0 70 49 52 38 31 23 64 5 50 1 84 30 56 44 18 30 82 18 82 21 47 36 18 70 70 24 12 69 9 60 2 41 3 9 62 39 68 50 19 68 52 0 7 66 18 44 51 24 56 15 55 73 89 50 51 88 61 69 36 81 29 89 48 25 85 81 40 0 57 70 11 46 9 23 46 60 77 5 34 9 77 83 38 40 1 10 55 80 18 88 76 27 72 58 81 56 76 66 34 59 43 18 12 51 4 38 86 84 50 35 21 9 58 34 18 78 54 37 54 44 6 63 68 15 62 35 9 2 35 88 1 68 44 17 19 37 57 53 71 30 76 4 82 44 58 80 27 59 76 49 47 15 24 73 13 20 58 50 59 83 65 10 34 69 61 78 49 65 78 17 57 35 26 75 39 8 28 29 0 87 55 10 43 59 9 39 13 70 39 61 
DSJC1000.9.col, 9746, 0, 3624(ms), (250)248 37 15 181 5 207 240 124 218 222 96 150 80 73 131 6 234 142 40 186 241 154 235 33 234 209 34 245 11 59 56 188 98 140 4 0 27 136 153 84 41 106 105 184 173 180 88 90 116 50 191 52 223 108 236 163 25 41 56 231 113 212 241 94 196 45 87 103 231 46 246 166 88 209 243 217 30 201 193 84 36 24 135 184 189 178 236 56 216 178 12 69 229 22 159 228 57 82 84 67 28 102 103 98 210 199 149 132 7 190 174 151 217 233 136 28 233 20 230 38 195 73 208 25 20 104 69 168 142 51 215 134 76 81 177 151 122 241 91 48 146 175 22 240 126 196 241 61 93 146 63 21 160 42 178 131 204 148 151 249 111 244 127 113 94 120 161 172 189 173 226 194 91 246 1 75 148 166 215 196 168 60 25 32 245 146 158 186 200 216 249 92 194 152 189 140 49 240 130 50 70 16 131 50 118 102 156 68 101 161 58 96 54 24 172 40 78 113 157 64 149 186 46 246 118 107 8 138 31 148 58 243 26 249 192 49 49 57 49 164 247 98 91 153 83 207 214 111 42 87 69 119 41 200 103 227 148 8 11 19 120 31 10 228 222 193 90 11 185 120 101 217 189 170 88 231 200 20 47 12 201 33 21 167 131 114 125 62 37 175 156 65 176 194 109 129 117 35 31 145 87 216 125 147 138 64 135 139 82 42 209 246 86 191 176 141 3 229 198 224 166 0 129 202 43 29 74 58 8 219 34 60 218 232 225 162 12 9 226 75 122 155 24 235 187 150 51 225 191 6 81 70 132 171 222 16 225 95 5 234 221 7 207 156 40 204 173 183 186 227 238 197 213 47 152 224 202 143 39 158 171 169 77 241 145 57 214 15 25 151 35 193 233 71 177 214 95 101 190 92 12 211 237 210 169 42 87 232 97 63 167 30 179 153 48 104 248 164 182 68 4 142 160 29 139 185 206 80 158 128 85 137 15 29 190 112 81 171 144 141 90 243 214 247 182 115 27 118 207 132 28 231 134 133 88 81 19 84 161 51 122 44 129 197 29 215 71 133 206 155 208 97 199 128 238 103 99 55 111 213 52 82 248 38 37 35 208 18 102 234 30 6 19 68 201 107 94 93 135 149 1 228 163 18 44 199 89 30 239 157 143 223 113 195 79 27 205 10 83 10 208 108 135 66 119 177 65 197 212 5 202 238 121 23 201 203 237 34 163 213 39 184 3 222 152 139 147 170 147 203 228 176 244 33 244 100 173 144 94 83 149 215 187 7 50 66 67 62 102 224 109 45 227 14 238 235 53 97 155 109 13 175 184 182 124 164 70 200 164 161 242 168 77 178 43 211 176 39 11 235 244 247 143 48 58 106 93 75 124 148 128 104 79 40 205 212 239 183 74 138 54 15 152 117 187 22 172 6 121 174 245 198 79 182 105 98 127 51 60 202 78 85 183 115 249 87 55 155 229 188 116 115 23 142 220 218 220 172 83 116 14 124 168 26 120 163 4 133 227 160 75 32 221 126 219 117 138 105 92 211 116 69 13 49 179 48 110 204 133 16 89 86 187 53 60 66 147 106 65 61 146 133 145 233 179 14 123 21 237 1 82 188 8 172 111 13 97 3 126 196 105 195 136 52 53 247 165 224 248 180 38 137 107 76 177 112 195 92 74 166 85 143 139 34 23 215 80 159 57 141 242 231 123 0 140 117 71 210 162 21 62 230 108 198 245 44 105 192 205 129 2 44 106 39 191 205 63 239 154 28 144 96 108 24 59 104 223 115 165 72 211 64 126 242 99 2 47 213 181 123 123 173 53 169 126 171 151 179 232 46 114 85 232 38 216 77 47 107 5 100 165 140 85 219 121 56 18 249 203 157 170 3 240 192 79 243 160 193 180 119 239 112 220 226 7 67 17 70 153 59 236 64 137 23 110 230 162 20 158 14 43 2 130 236 185 22 167 43 86 206 210 193 144 33 150 150 90 124 174 220 62 125 72 26 170 67 225 17 159 1 203 10 45 31 188 167 179 197 141 76 194 159 217 59 32 229 180 183 134 13 71 31 78 41 17 96 36 141 169 72 190 76 15 93 19 132 218 46 244 209 72 2 221 119 110 37 83 0 162 17 74 86 128 95 9 204 89 109 125 175 136 4 121 73 35 181 181 55 219 228 61 100 26 127 55 36 66 130 9 89 95 134 45 230 156 122 79 100 142 61 130 9 149 237 78 54 198 52 224 212 154 185 118 242 114 46 112 32 226 174 
DSJC1000.9.col, 1334023, 0, 36050(ms), (230)226 2 210 134 23 138 60 129 124 180 120 52 192 121 42 105 205 93 160 100 24 182 153 15 204 205 153 211 139 191 158 195 10 146 46 120 70 54 123 111 195 203 53 64 167 163 48 139 106 184 102 19 189 21 76 43 88 90 122 198 178 187 89 51 92 117 61 72 138 209 44 28 176 188 103 194 100 14 8 43 58 75 71 68 189 130 106 107 54 221 75 0 159 152 65 73 27 154 21 46 224 121 75 163 118 199 204 154 167 183 4 95 194 56 36 137 109 62 123 126 83 212 155 14 149 74 3 211 196 22 101 14 148 217 218 125 187 79 118 165 82 114 145 113 59 84 56 47 108 196 144 116 182 166 31 220 222 69 125 169 119 168 226 222 142 135 113 39 96 60 72 94 13 126 199 174 69 154 229 165 196 175 181 124 226 7 112 23 104 116 117 12 49 139 65 82 123 99 12 126 10 44 24 100 63 70 170 57 133 7 78 186 25 6 215 137 208 110 85 203 204 35 215 223 219 122 174 162 120 69 37 201 1 216 62 16 94 98 203 184 34 20 185 183 167 195 87 119 166 61 17 176 5 180 111 147 69 193 114 213 22 133 29 73 6 115 91 37 78 22 44 80 152 215 162 198 161 217 224 109 29 49 106 51 220 97 64 45 82 171 36 192 40 197 214 1 140 206 3 83 61 219 118 227 121 203 86 99 106 110 132 84 107 7 170 127 38 35 122 78 196 212 151 49 56 49 90 180 45 223 45 57 172 130 56 96 77 220 142 225 12 79 70 153 161 93 112 56 102 193 92 179 105 138 207 38 154 206 91 16 51 131 89 149 224 132 229 89 23 83 20 47 164 185 45 7 41 66 93 146 166 186 41 37 144 80 212 26 125 19 74 111 39 115 207 163 190 220 134 17 143 30 228 187 84 127 61 189 27 144 10 43 188 89 111 124 151 95 40 26 164 173 191 99 121 221 218 94 48 227 190 93 136 156 109 9 155 112 46 62 140 120 197 143 40 26 189 174 66 164 58 198 63 197 48 196 39 111 68 14 66 0 151 31 99 76 117 162 207 211 200 194 24 76 138 156 150 212 119 53 63 124 137 88 13 152 91 161 50 15 29 201 102 172 79 5 201 130 98 33 87 73 134 67 30 11 137 147 6 36 229 155 136 41 16 81 201 213 202 34 200 27 164 194 60 165 170 31 79 183 191 189 6 58 110 11 206 187 52 198 217 160 65 181 103 18 177 48 35 95 73 116 202 77 9 191 92 149 23 51 40 173 192 150 195 141 64 79 50 134 131 123 101 199 6 216 19 131 178 8 72 171 101 63 129 32 65 38 33 187 186 171 13 116 192 154 58 153 26 80 168 81 229 214 199 86 222 15 129 69 78 18 143 160 147 32 204 145 90 43 159 55 157 132 54 145 68 105 141 9 118 181 115 2 160 179 207 25 11 130 208 19 78 214 144 61 32 157 65 42 88 159 4 221 38 5 1 87 51 208 199 129 75 115 206 57 0 185 147 215 140 44 169 183 114 225 86 20 210 202 4 158 113 104 114 0 151 161 197 44 112 200 89 97 150 141 188 159 25 74 190 76 134 104 186 136 52 128 228 115 229 188 92 104 119 110 0 193 59 20 50 190 217 39 172 22 81 77 142 175 156 57 178 148 9 71 58 36 194 169 125 66 4 152 11 126 32 70 17 124 21 198 28 2 223 55 21 188 53 106 102 196 185 53 54 182 137 128 168 82 226 10 55 163 37 5 75 135 35 224 60 3 8 76 146 113 143 12 216 101 180 26 59 227 17 8 71 85 34 11 173 80 19 164 59 184 125 91 210 88 105 190 213 174 213 13 22 95 34 205 211 178 2 62 146 74 150 155 165 167 74 193 175 218 108 103 166 201 86 161 216 23 176 128 3 33 28 179 64 219 18 173 83 140 179 157 107 87 48 103 118 108 216 18 207 209 181 205 130 85 202 16 90 136 152 37 16 129 67 146 72 96 84 214 72 41 128 28 116 225 131 183 200 20 225 177 114 71 47 148 122 172 133 97 47 35 135 32 132 110 158 41 193 60 25 171 67 47 46 165 206 148 210 140 153 55 33 30 168 176 212 52 169 219 149 228 98 222 123 113 103 200 97 135 109 98 68 45 67 171 227 15 84 108 181 100 223 157 27 73 24 104 1 221 209 184 141 96 31 18 178 107 139 29 30 160 92 9 156 15 127 209 2 228 208 12 173 156 175 208 180 77 209 94 42 155 86 145 142 138 
DSJC1000.9.col, 23056006, 0, 543223(ms), (225)53 64 114 58 10 5 154 2 7 171 71 77 129 24 130 28 63 190 178 27 186 0 40 208 63 1 167 198 181 116 43 148 86 122 41 163 210 2 119 177 103 24 106 11 85 68 147 172 128 50 176 39 107 39 73 77 1 72 133 40 135 194 51 104 91 99 70 111 206 29 86 3 62 1 5 153 190 54 22 199 141 67 187 11 17 38 79 219 59 172 76 45 106 3 100 128 77 123 5 147 151 42 67 176 126 212 145 193 25 150 45 218 162 25 149 182 25 178 82 191 15 148 59 48 70 212 47 144 13 141 164 101 47 117 192 69 47 186 200 110 173 184 172 98 153 56 186 220 7 13 151 179 131 209 126 178 190 93 140 169 185 83 207 64 136 203 127 9 149 154 111 200 132 79 39 170 93 161 164 89 13 41 109 153 207 161 87 177 43 179 142 221 48 103 17 92 189 121 221 222 34 53 204 32 170 210 73 193 181 78 119 60 223 90 98 148 46 175 120 91 145 78 197 187 217 80 124 85 205 93 169 33 88 144 166 189 189 112 189 140 131 86 156 150 85 89 43 184 163 209 201 189 52 171 103 160 93 95 141 176 24 177 78 213 90 71 117 169 28 52 40 132 142 126 10 63 188 122 71 115 136 60 32 104 144 31 102 156 216 118 73 81 214 143 112 66 101 106 82 36 168 12 182 173 127 99 128 23 183 175 224 86 76 63 17 14 125 170 39 81 13 166 204 60 199 158 23 171 212 134 52 87 32 38 197 4 78 58 123 108 221 54 210 28 188 172 8 209 138 95 62 152 42 206 6 47 160 183 26 159 104 218 27 205 124 79 85 214 177 68 155 220 0 156 61 75 152 213 32 138 216 144 158 186 8 167 86 146 103 12 60 66 211 35 209 134 4 177 23 210 53 198 180 60 10 129 195 15 193 120 6 176 215 57 56 23 183 199 196 146 173 185 197 184 194 28 26 43 102 91 16 21 160 114 75 14 58 166 41 181 52 181 134 91 224 146 65 21 11 195 206 102 37 74 147 13 197 20 11 76 137 158 20 107 54 164 190 74 168 96 18 193 36 133 78 94 166 42 184 0 87 19 218 59 132 3 174 188 25 208 34 33 214 203 81 96 33 38 69 194 39 8 216 202 137 105 21 202 90 49 117 165 205 84 83 191 33 5 49 40 18 143 223 201 154 108 57 159 203 64 14 36 90 0 175 105 201 70 155 65 162 159 12 109 157 139 98 147 55 217 145 179 152 141 219 66 124 70 131 104 145 164 45 75 1 100 192 203 55 155 112 143 84 125 90 156 213 72 135 22 111 118 0 97 2 44 155 99 21 80 77 118 214 179 144 198 138 223 146 167 61 91 133 82 185 130 126 208 2 93 68 139 127 96 205 44 51 204 80 79 19 136 217 107 120 83 11 87 100 76 200 109 88 35 213 148 35 114 105 38 46 16 172 107 124 1 44 45 73 149 63 19 115 203 123 7 113 9 104 46 87 199 96 88 68 216 173 74 62 54 101 153 187 150 54 101 55 80 30 49 128 140 115 92 215 67 183 188 74 110 8 18 35 31 5 122 138 19 57 157 79 74 27 39 215 192 142 195 51 174 69 138 178 9 71 175 224 95 94 196 99 15 121 211 129 187 162 14 180 218 61 84 135 206 119 157 3 73 48 32 16 37 167 58 105 164 44 4 110 30 137 71 136 8 122 101 61 157 159 120 224 13 107 191 207 151 15 212 180 92 207 160 130 194 169 56 148 37 81 159 154 20 22 204 82 201 113 221 180 116 171 146 153 110 123 22 96 108 169 105 201 103 94 100 153 89 129 215 133 125 206 16 166 59 219 158 24 212 161 202 75 135 16 3 222 28 165 165 217 85 194 95 196 50 127 81 36 33 98 188 84 131 223 65 161 55 149 198 97 12 139 27 66 115 34 49 182 64 130 157 200 113 66 139 170 29 109 102 38 67 10 214 72 170 143 124 185 2 26 30 111 186 37 45 111 59 176 219 179 202 149 150 18 196 222 72 215 174 220 168 48 162 116 31 220 110 98 44 134 175 61 82 95 154 223 118 40 220 41 108 114 182 30 126 50 83 7 125 142 9 65 24 116 12 70 20 106 4 136 89 140 18 31 53 94 69 50 112 42 118 121 208 222 34 109 51 58 163 15 152 97 68 88 26 29 174 26 192 185 139 135 168 7 62 137 178 62 48 6 208 191 29 145 143 46 221 17 6 92 46 171 211 29 53 165 125 204 117 152 127 
DSJC1000.9.col, 100000000, 1, 2642490(ms), (224)61 71 78 204 23 3 91 39 155 200 7 10 8 76 116 0 26 78 119 13 37 101 106 131 26 132 163 186 151 15 78 99 37 21 173 168 193 39 196 207 48 76 98 111 30 65 136 1 194 172 93 138 140 138 176 143 132 172 185 106 170 143 3 92 36 75 141 135 161 47 186 108 40 132 173 126 13 14 180 6 159 45 176 11 28 142 207 108 75 97 45 86 151 49 119 166 175 201 152 38 152 128 45 93 54 146 17 201 144 9 113 34 209 91 223 27 97 123 174 50 180 185 137 150 141 156 86 167 31 208 41 63 10 83 41 197 185 102 54 219 200 79 73 120 126 99 68 148 155 31 40 11 28 88 144 19 218 122 197 66 184 104 27 38 67 80 120 2 223 91 163 97 206 153 138 57 164 201 41 139 31 199 160 126 111 164 34 23 78 75 6 55 150 27 25 16 81 24 55 134 198 118 191 172 15 192 114 24 56 116 122 129 216 171 2 137 187 188 144 36 17 103 53 209 177 122 139 30 22 133 66 1 200 167 50 81 81 49 81 71 7 182 121 9 16 99 62 79 88 157 86 81 84 124 37 87 186 94 8 93 76 207 91 166 139 116 222 66 0 127 106 206 71 53 44 26 176 21 61 127 67 129 194 92 167 172 14 89 205 33 169 171 128 192 71 72 63 60 177 19 86 51 54 48 50 203 137 3 194 188 19 48 121 26 85 202 189 103 138 205 31 49 191 129 25 179 177 124 89 64 89 158 122 142 32 217 168 204 163 123 55 102 27 0 176 199 157 56 210 178 71 203 170 161 110 99 201 187 107 4 92 216 135 190 79 218 30 74 23 143 182 148 59 48 89 42 135 105 38 210 88 167 135 77 149 74 37 35 197 51 129 72 69 96 110 65 181 207 165 119 118 13 212 129 14 32 198 217 70 82 198 93 20 116 205 68 58 34 53 35 59 184 15 58 91 0 121 97 136 222 181 85 146 177 19 173 204 147 145 78 199 149 58 36 128 35 85 57 146 59 161 25 130 147 136 31 38 87 112 13 105 83 87 140 179 41 112 109 110 215 62 186 101 222 43 147 195 172 145 18 28 56 58 7 206 118 154 176 25 131 15 175 203 24 102 215 179 142 48 17 138 166 205 147 137 221 36 213 211 174 114 115 5 42 77 175 124 195 174 106 180 70 59 96 168 202 8 4 102 9 15 56 143 134 188 221 20 141 211 213 209 4 51 160 90 121 212 136 103 34 166 180 104 208 104 72 34 141 23 92 17 41 113 1 132 69 57 102 193 205 162 192 44 189 212 210 69 22 43 159 190 33 94 60 39 12 74 100 220 153 95 33 214 183 167 201 210 177 35 175 104 125 114 83 184 178 108 131 39 169 193 58 139 215 5 12 107 191 80 165 123 67 27 140 46 60 2 158 62 61 54 160 84 96 212 50 110 111 221 142 133 69 11 140 82 132 12 113 74 223 26 151 32 7 214 155 219 2 92 133 96 39 215 82 159 24 128 109 98 28 63 126 64 9 43 63 52 182 112 168 165 86 120 80 214 83 100 218 109 24 153 95 74 119 195 21 84 151 62 90 181 109 117 138 128 214 211 11 29 95 214 202 73 2 220 188 94 42 162 182 105 181 99 42 10 125 68 118 163 216 107 53 101 161 46 90 152 164 150 111 197 158 114 204 221 124 12 115 208 202 95 82 67 162 21 63 1 90 4 194 64 31 140 154 199 219 171 156 130 16 178 22 180 178 66 169 45 187 103 4 79 5 82 191 29 120 162 55 121 94 124 35 126 100 196 29 215 157 66 221 98 200 111 11 126 65 197 20 46 189 161 181 195 75 192 206 76 156 107 183 100 101 133 125 222 0 73 115 87 30 59 217 134 137 127 117 88 108 52 85 190 23 134 183 144 193 223 219 196 51 117 16 72 36 10 174 80 18 136 90 54 147 72 183 110 47 160 52 142 105 6 130 220 5 192 22 184 39 149 29 73 77 30 113 171 65 93 108 125 139 223 9 173 182 122 117 135 154 148 5 150 209 44 170 148 103 187 12 65 188 68 8 169 105 70 33 106 148 173 123 77 158 112 213 171 60 155 189 104 211 213 76 20 51 141 145 32 198 67 120 146 164 57 187 37 218 208 89 14 33 152 131 101 196 160 52 204 61 8 166 178 194 190 49 47 154 190 18 184 115 185 159 155 40 6 185 40 150 220 131 18 47 17 179 94 55 98 157 216 50 44 156 47 145 84 189 191 149 83 3 
